10
57.248
0 1 37.999 4.737
0 2 66.004 19.367
0 3 28.141 7.118
0 4 34.827 18.188
0 5 66.647 22.8
0 6 74.957 21.903
0 7 47.575 0.089
0 8 51.562 25.848
0 9 32.274 26.164
1 2 46.093 8.32
1 3 43.478 26.029
1 4 39.802 13.127
1 5 73.047 14.502
1 6 50.82 0.009
1 7 58.89 0.381
1 8 64.598 15.682
1 9 36.55 5.186
2 3 39.333 0.586
2 4 56.905 6.57
2 5 61.423 14.507
2 6 44.369 10.564
2 7 42.016 13.111
2 8 26.297 26.863
2 9 71.413 14.769
3 4 58.574 23.31
3 5 60.646 0.861
3 6 56.853 6.017
3 7 62.32 6.504
3 8 71.933 14.876
3 9 40.207 3.788
4 5 49.206 10.419
4 6 54.33 2.212
4 7 26.893 13.809
4 8 25.562 19.387
4 9 72.975 17.252
5 6 28.709 7.4
5 7 28.508 15.578
5 8 53.373 11.401
5 9 47.017 18.14
6 7 59.952 8.236
6 8 29.848 3.477
6 9 64.072 1.829
7 8 61.704 27.256
7 9 50.88 19.979
8 9 46.606 1.745