Using license file /home/meyn/gurobi.lic
Academic license - for non-commercial use only - expires 2021-01-17
10
47.69
0 1 38.617 10.358
0 2 71.915 10.66
0 3 55.498 28.762
0 4 69.965 27.225
0 5 61.108 29.489
0 6 73.372 17.197
0 7 28.748 13.759
0 8 48.389 27.432
0 9 64.209 1.606
1 2 66.333 1.125
1 3 62.424 7.869
1 4 48.438 5.004
1 5 38.258 13.576
1 6 54.52 0.721
1 7 52.111 13.49
1 8 53.008 0.577
1 9 30.581 23.364
2 3 69.793 23.213
2 4 51.439 25.653
2 5 42.582 26.379
2 6 29.619 26.717
2 7 36.008 0.296
2 8 34.861 10.379
2 9 50.644 8.932
3 4 61.496 1.416
3 5 42.932 15.124
3 6 69.203 14.925
3 7 42.313 11.972
3 8 29.898 22.049
3 9 47.595 17.658
4 5 68.495 10.202
4 6 54.851 14.534
4 7 63.285 18.708
4 8 33.111 7.436
4 9 35.359 4.209
5 6 59.165 17.349
5 7 65.46 21.628
5 8 34.351 29.441
5 9 54.904 25.129
6 7 35.732 24.395
6 8 59.747 24.222
6 9 67.319 9.38
7 8 37.687 4.083
7 9 61.4 25.463
8 9 56.413 26.24
None
-----
max_happiness: 229.725
gurobi_time: 0.38986580000346294



10
56.549
0 1 47.749 6.25
0 2 28.712 3.174
0 3 25.061 17.889
0 4 74.59 24.331
0 5 47.304 7.786
0 6 34.456 16.116
0 7 72.599 21.036
0 8 40.528 29.326
0 9 51.254 20.24
1 2 58.521 7.581
1 3 37.235 2.766
1 4 33.827 16.659
1 5 29.775 7.894
1 6 65.942 17.668
1 7 35.979 17.062
1 8 31.749 12.215
1 9 59.79 9.01
2 3 44.04 1.165
2 4 47.328 5.955
2 5 27.822 27.572
2 6 54.471 24.789
2 7 52.186 16.707
2 8 69.156 3.728
2 9 36.248 13.266
3 4 45.926 18.397
3 5 61.954 26.916
3 6 34.561 26.155
3 7 38.288 4.727
3 8 48.472 28.081
3 9 71.711 14.264
4 5 62.144 27.135
4 6 63.916 7.68
4 7 72.375 2.619
4 8 33.104 23.746
4 9 55.664 4.824
5 6 56.185 0.881
5 7 61.548 27.431
5 8 49.744 26.811
5 9 25.865 5.841
6 7 63.803 8.315
6 8 64.997 18.255
6 9 61.254 9.345
7 8 58.808 4.857
7 9 27.563 9.857
8 9 59.188 25.859
None
-----
max_happiness: 287.324
gurobi_time: 0.5093887000002724



10
59.591
0 1 52.482 5.424
0 2 31.97 9.22
0 3 31.562 7.601
0 4 63.673 1.454
0 5 71.664 28.383
0 6 47.016 19.336
0 7 48.419 14.013
0 8 68.346 23.992
0 9 30.177 20.049
1 2 39.646 9.187
1 3 31.14 11.529
1 4 45.994 0.4
1 5 49.178 8.753
1 6 65.712 12.653
1 7 69.203 15.764
1 8 26.384 11.072
1 9 71.276 24.94
2 3 43.966 3.591
2 4 29.547 23.139
2 5 70.841 6.081
2 6 43.692 26.41
2 7 40.418 20.794
2 8 35.362 5.416
2 9 69.555 23.649
3 4 38.805 6.237
3 5 58.372 11.781
3 6 48.713 21.156
3 7 30.144 11.901
3 8 55.655 27.116
3 9 26.97 7.508
4 5 27.643 4.324
4 6 71.777 1.256
4 7 50.549 10.759
4 8 54.669 16.217
4 9 49.721 6.338
5 6 48.325 11.209
5 7 41.635 9.439
5 8 34.26 0.132
5 9 59.627 27.026
6 7 27.531 0.49
6 8 52.303 6.383
6 9 53.124 26.589
7 8 41.45 10.125
7 9 60.772 21.354
8 9 49.546 3.649
None
-----
max_happiness: 399.335
gurobi_time: 0.7914014999987558



10
52.268
0 1 50.655 6.256
0 2 69.702 15.156
0 3 26.169 16.162
0 4 66.541 6.323
0 5 51.334 7.553
0 6 31.334 1.512
0 7 37.859 19.591
0 8 61.099 18.036
0 9 71.37 11.136
1 2 64.596 22.464
1 3 74.324 23.397
1 4 66.715 2.381
1 5 29.383 13.354
1 6 41.694 7.529
1 7 67.685 15.733
1 8 51.861 5.549
1 9 73.092 23.185
2 3 45.014 23.737
2 4 47.798 1.141
2 5 40.548 11.299
2 6 56.569 7.956
2 7 44.914 2.727
2 8 42.431 8.805
2 9 74.872 20.023
3 4 49.795 16.198
3 5 70.726 9.563
3 6 62.121 12.266
3 7 70.419 4.998
3 8 26.75 1.026
3 9 62.005 2.573
4 5 38.716 3.897
4 6 67.697 2.032
4 7 28.398 29.458
4 8 57.542 22.837
4 9 48.985 21.681
5 6 46.16 18.741
5 7 25.547 26.305
5 8 36.742 0.102
5 9 64.461 7.706
6 7 69.375 28.276
6 8 70.78 2.358
6 9 57.248 5.82
7 8 61.653 0.637
7 9 28.366 5.357
8 9 68.757 21.747
None
-----
max_happiness: 467.2
gurobi_time: 0.8435146000010718



