10
96.420
0 1 44.069 44.069
0 2 37.884 37.884
0 3 47.535 47.535
0 4 11.179 11.179
0 5 71.381 71.381
0 6 7.511 7.511
0 7 35.163 35.163
0 8 42.239 42.239
0 9 35.366 35.366
1 2 29.785 29.785
1 3 45.617 45.617
1 4 26.826 26.826
1 5 18.908 18.908
1 6 86.362 86.362
1 7 64.472 64.472
1 8 3.104 3.104
1 9 30.394 30.394
2 3 10.138 10.138
2 4 18.948 18.948
2 5 69.513 69.513
2 6 11.962 11.962
2 7 21.548 21.548
2 8 30.448 30.448
2 9 45.527 45.527
3 4 50.532 50.532
3 5 1.773 1.773
3 6 3.071 3.071
3 7 16.832 16.832
3 8 22.174 22.174
3 9 40.091 40.091
4 5 8.494 8.494
4 6 27.919 27.919
4 7 29.149 29.149
4 8 45.839 45.839
4 9 15.473 15.473
5 6 39.237 39.237
5 7 15.774 15.774
5 8 50.717 50.717
5 9 73.858 73.858
6 7 50.9 50.9
6 8 14.086 14.086
6 9 26.092 26.092
7 8 44.088 44.088
7 9 16.751 16.751
8 9 31.431 31.431