10
94.986
0 1 5.358 5.358
0 2 2.409 2.409
0 3 17.843 17.843
0 4 17.403 17.403
0 5 5.48 5.48
0 6 9.575 9.575
0 7 4.874 4.874
0 8 18.685 18.685
0 9 10.206 10.206
1 2 8.164 8.164
1 3 3.219 3.219
1 4 2.018 2.018
1 5 2.378 2.378
1 6 1.378 1.378
1 7 8.492 8.492
1 8 18.898 18.898
1 9 5.295 5.295
2 3 14.263 14.263
2 4 1.168 1.168
2 5 4.556 4.556
2 6 15.869 15.869
2 7 13.068 13.068
2 8 2.453 2.453
2 9 10.457 10.457
3 4 3.247 3.247
3 5 10.578 10.578
3 6 12.71 12.71
3 7 18.13 18.13
3 8 10.792 10.792
3 9 6.751 6.751
4 5 9.675 9.675
4 6 19.669 19.669
4 7 11.616 11.616
4 8 11.33 11.33
4 9 13.74 13.74
5 6 6.846 6.846
5 7 5.852 5.852
5 8 4.61 4.61
5 9 2.397 2.397
6 7 3.798 3.798
6 8 6.539 6.539
6 9 14.401 14.401
7 8 17.084 17.084
7 9 12.78 12.78
8 9 7.516 7.516