10
81.58
0 1 1.077 1.077
0 2 2.16 2.16
0 3 1.347 1.347
0 4 1.027 1.027
0 5 4.488 4.488
0 6 3.551 3.551
0 7 4.021 4.021
0 8 1.806 1.806
0 9 1.008 1.008
1 2 2.142 2.142
1 3 2.311 2.311
1 4 1.911 1.911
1 5 1.522 1.522
1 6 3.484 3.484
1 7 1.298 1.298
1 8 4.828 4.828
1 9 1.349 1.349
2 3 1.132 1.132
2 4 3.769 3.769
2 5 3.96 3.96
2 6 3.16 3.16
2 7 1.596 1.596
2 8 3.087 3.087
2 9 4.726 4.726
3 4 1.874 1.874
3 5 1.567 1.567
3 6 2.3 2.3
3 7 3.088 3.088
3 8 3.969 3.969
3 9 1.191 1.191
4 5 1.487 1.487
4 6 2.136 2.136
4 7 3.811 3.811
4 8 1.933 1.933
4 9 1.257 1.257
5 6 4.77 4.77
5 7 1.742 1.742
5 8 4.341 4.341
5 9 2.032 2.032
6 7 2.591 2.591
6 8 2.528 2.528
6 9 4.599 4.599
7 8 3.559 3.559
7 9 3.451 3.451
8 9 2.686 2.686