10
80.725
0 1 3.533 3.533
0 2 1.811 1.811
0 3 2.27 2.27
0 4 4.098 4.098
0 5 2.601 2.601
0 6 2.396 2.396
0 7 2.416 2.416
0 8 2.211 2.211
0 9 1.124 1.124
1 2 2.92 2.92
1 3 1.198 1.198
1 4 4.157 4.157
1 5 2.006 2.006
1 6 2.825 2.825
1 7 4.357 4.357
1 8 3.891 3.891
1 9 1.425 1.425
2 3 2.682 2.682
2 4 3.091 3.091
2 5 1.26 1.26
2 6 3.926 3.926
2 7 4.4 4.4
2 8 2.099 2.099
2 9 2.111 2.111
3 4 4.823 4.823
3 5 4.681 4.681
3 6 1.998 1.998
3 7 2.83 2.83
3 8 1.853 1.853
3 9 2.047 2.047
4 5 2.568 2.568
4 6 4.101 4.101
4 7 3.695 3.695
4 8 4.606 4.606
4 9 2.602 2.602
5 6 4.163 4.163
5 7 3.916 3.916
5 8 2.685 2.685
5 9 2.532 2.532
6 7 4.322 4.322
6 8 3.554 3.554
6 9 4.236 4.236
7 8 4.577 4.577
7 9 3.495 3.495
8 9 1.24 1.24