10
52.268
0 1 50.655 6.256
0 2 69.702 15.156
0 3 26.169 16.162
0 4 66.541 6.323
0 5 51.334 7.553
0 6 31.334 1.512
0 7 37.859 19.591
0 8 61.099 18.036
0 9 71.37 11.136
1 2 64.596 22.464
1 3 74.324 23.397
1 4 66.715 2.381
1 5 29.383 13.354
1 6 41.694 7.529
1 7 67.685 15.733
1 8 51.861 5.549
1 9 73.092 23.185
2 3 45.014 23.737
2 4 47.798 1.141
2 5 40.548 11.299
2 6 56.569 7.956
2 7 44.914 2.727
2 8 42.431 8.805
2 9 74.872 20.023
3 4 49.795 16.198
3 5 70.726 9.563
3 6 62.121 12.266
3 7 70.419 4.998
3 8 26.75 1.026
3 9 62.005 2.573
4 5 38.716 3.897
4 6 67.697 2.032
4 7 28.398 29.458
4 8 57.542 22.837
4 9 48.985 21.681
5 6 46.16 18.741
5 7 25.547 26.305
5 8 36.742 0.102
5 9 64.461 7.706
6 7 69.375 28.276
6 8 70.78 2.358
6 9 57.248 5.82
7 8 61.653 0.637
7 9 28.366 5.357
8 9 68.757 21.747