10
82.939
0 1 3.66 3.66
0 2 2.893 2.893
0 3 3.56 3.56
0 4 1.315 1.315
0 5 1.466 1.466
0 6 1.454 1.454
0 7 1.028 1.028
0 8 4.755 4.755
0 9 4.43 4.43
1 2 4.087 4.087
1 3 1.837 1.837
1 4 1.284 1.284
1 5 3.148 3.148
1 6 4.11 4.11
1 7 4.914 4.914
1 8 4.953 4.953
1 9 4.47 4.47
2 3 1.118 1.118
2 4 3.075 3.075
2 5 2.833 2.833
2 6 4.985 4.985
2 7 3.436 3.436
2 8 2.506 2.506
2 9 3.366 3.366
3 4 3.329 3.329
3 5 1.604 1.604
3 6 2.111 2.111
3 7 1.381 1.381
3 8 1.609 1.609
3 9 3.391 3.391
4 5 4.419 4.419
4 6 1.744 1.744
4 7 4.843 4.843
4 8 3.394 3.394
4 9 1.574 1.574
5 6 3.14 3.14
5 7 1.773 1.773
5 8 1.359 1.359
5 9 3.611 3.611
6 7 4.881 4.881
6 8 4.334 4.334
6 9 1.372 1.372
7 8 2.064 2.064
7 9 3.736 3.736
8 9 2.31 2.31