10
92.627
0 1 1.409 1.409
0 2 1.441 1.441
0 3 2.376 2.376
0 4 3.722 3.722
0 5 3.632 3.632
0 6 4.021 4.021
0 7 4.099 4.099
0 8 3.554 3.554
0 9 3.819 3.819
1 2 3.693 3.693
1 3 3.514 3.514
1 4 2.15 2.15
1 5 2.34 2.34
1 6 1.62 1.62
1 7 4.398 4.398
1 8 1.731 1.731
1 9 1.298 1.298
2 3 3.78 3.78
2 4 1.04 1.04
2 5 3.935 3.935
2 6 2.353 2.353
2 7 1.382 1.382
2 8 2.151 2.151
2 9 3.741 3.741
3 4 3.862 3.862
3 5 3.779 3.779
3 6 3.936 3.936
3 7 2.389 2.389
3 8 4.869 4.869
3 9 3.06 3.06
4 5 2.561 2.561
4 6 1.451 1.451
4 7 3.333 3.333
4 8 2.757 2.757
4 9 3.764 3.764
5 6 1.802 1.802
5 7 3.349 3.349
5 8 1.822 1.822
5 9 2.324 2.324
6 7 2.6 2.6
6 8 2.058 2.058
6 9 4.564 4.564
7 8 4.221 4.221
7 9 4.578 4.578
8 9 3.622 3.622