20
95.072
0 1 19.629 5.865
0 2 14.358 4.881
0 3 19.972 6.147
0 4 13.997 5.919
0 5 13.562 5.615
0 6 17.113 6.35
0 7 11.515 5.377
0 8 16.676 6.253
0 9 11.433 5.825
0 10 16.515 5.902
0 11 17.691 4.166
0 12 14.101 4.261
0 13 16.246 5.343
0 14 17.966 5.299
0 15 19.712 5.389
0 16 18.256 4.879
0 17 14.381 6.131
0 18 19.151 4.916
0 19 15.788 4.776
1 2 12.355 4.518
1 3 11.057 4.581
1 4 18.81 6.44
1 5 14.421 5.908
1 6 17.492 5.091
1 7 16.02 4.623
1 8 13.721 6.093
1 9 14.324 4.689
1 10 14.412 5.172
1 11 15.901 4.934
1 12 11.82 4.178
1 13 19.884 5.148
1 14 19.688 6.456
1 15 18.247 5.367
1 16 17.983 4.918
1 17 14.695 6.404
1 18 18.441 6.292
1 19 18.745 4.438
2 3 12.621 4.607
2 4 17.012 5.831
2 5 10.433 5.288
2 6 16.805 4.728
2 7 17.085 5.348
2 8 15.53 6.052
2 9 17.203 4.348
2 10 15.574 4.806
2 11 14.712 4.801
2 12 12.083 4.336
2 13 14.276 5.6
2 14 13.427 5.523
2 15 10.885 6.131
2 16 18.911 5.817
2 17 16.554 4.6
2 18 18.137 4.048
2 19 12.671 5.742
3 4 12.697 5.937
3 5 11.902 5.93
3 6 11.814 5.249
3 7 17.658 5.634
3 8 18.609 5.678
3 9 11.87 4.973
3 10 11.037 6.236
3 11 16.755 4.148
3 12 12.08 5.833
3 13 16.023 4.509
3 14 14.446 5.434
3 15 15.297 4.096
3 16 19.864 6.432
3 17 12.168 4.077
3 18 16.989 4.962
3 19 17.45 6.121
4 5 14.925 4.349
4 6 15.694 5.484
4 7 15.871 4.301
4 8 13.611 5.579
4 9 11.223 5.814
4 10 17.9 5.628
4 11 15.855 5.69
4 12 12.324 5.109
4 13 14.967 5.859
4 14 12.144 5.391
4 15 12.527 6.33
4 16 16.529 6.228
4 17 18.553 5.405
4 18 17.417 4.51
4 19 17.953 5.707
5 6 10.25 5.984
5 7 19.256 4.244
5 8 16.904 4.26
5 9 16.983 5.163
5 10 17.072 6.117
5 11 13.863 5.243
5 12 13.996 4.256
5 13 18.391 6.26
5 14 16.979 5.491
5 15 11.747 6.288
5 16 17.522 5.44
5 17 14.63 4.029
5 18 16.635 4.5
5 19 11.622 5.971
6 7 10.135 4.796
6 8 12.608 5.882
6 9 13.105 6.475
6 10 18.309 5.5
6 11 12.474 5.594
6 12 14.561 6.212
6 13 19.049 5.736
6 14 15.764 5.431
6 15 17.655 4.457
6 16 10.344 5.031
6 17 14.931 5.997
6 18 18.445 6.082
6 19 15.358 4.447
7 8 12.375 4.674
7 9 19.715 4.466
7 10 11.64 4.959
7 11 19.619 4.278
7 12 11.039 6.045
7 13 13.784 4.42
7 14 18.308 6.239
7 15 18.766 4.879
7 16 19.035 5.576
7 17 17.544 4.419
7 18 11.95 5.565
7 19 18.738 5.903
8 9 13.642 4.88
8 10 12.853 4.147
8 11 19.944 6.186
8 12 12.784 5.211
8 13 15.494 5.473
8 14 15.648 6.186
8 15 16.971 5.896
8 16 10.215 4.366
8 17 10.066 6.009
8 18 12.391 5.513
8 19 14.885 6.295
9 10 19.97 5.134
9 11 16.649 5.227
9 12 17.622 6.132
9 13 16.919 5.088
9 14 18.331 4.186
9 15 19.005 4.769
9 16 15.773 5.375
9 17 15.898 5.624
9 18 18.113 5.581
9 19 19.593 5.789
10 11 17.719 6.299
10 12 10.528 6.385
10 13 14.037 6.383
10 14 10.196 5.638
10 15 17.802 4.993
10 16 18.261 6.495
10 17 18.352 5.707
10 18 16.252 4.203
10 19 12.379 6.302
11 12 11.73 6.392
11 13 10.454 6.39
11 14 14.496 4.328
11 15 19.337 5.24
11 16 19.613 4.864
11 17 10.33 5.573
11 18 14.557 6.113
11 19 17.969 4.906
12 13 12.35 4.318
12 14 17.112 5.631
12 15 18.527 4.825
12 16 10.383 5.773
12 17 10.733 6.212
12 18 17.426 4.151
12 19 15.998 5.894
13 14 12.061 5.794
13 15 15.472 4.819
13 16 18.691 4.898
13 17 17.471 5.82
13 18 11.066 5.299
13 19 10.251 5.398
14 15 15.041 5.996
14 16 17.49 6.488
14 17 16.059 4.941
14 18 19.34 6.295
14 19 15.866 5.682
15 16 16.155 5.895
15 17 16.006 4.641
15 18 12.233 5.769
15 19 11.277 5.101
16 17 12.408 6.315
16 18 10.968 5.34
16 19 10.467 5.802
17 18 14.528 4.428
17 19 16.027 4.254
18 19 14.662 5.013