10
49.609
0 1 70.238 14.274
0 2 52.871 5.365 
0 3 71.542 29.138 
0 4 71.689 22.995 
0 5 55.041 9.743 
0 6 26.072 11.717 
0 7 62.486 2.087 
0 8 50.808 22.645 
0 9 59.100 15.551
1 2 39.601 16.952 
1 3 55.807 14.344 
1 4 35.955 3.630 
1 5 57.737 9.360
1 6 26.374 13.176
1 7 68.809 10.231
1 8 69.558 24.655
1 9 36.228 2.032
2 3 34.140 4.363
2 4 31.882 5.638
2 5 27.062 12.414
2 6 72.923 0.382
2 7 35.917 22.685
2 8 60.405 11.795
2 9 37.269 17.439
3 4 58.672 2.984
3 5 65.445 21.543
3 6 26.295 0.915
3 7 72.472 9.927
3 8 61.920 29.659
3 9 46.311 1.233
4 5 26.114 2.462
4 6 67.443 8.196
4 7 33.455 27.716
4 8 66.065 28.658
4 9 43.211 6.363
5 6 34.476 5.506
5 7 47.992 14.945
5 8 26.160 7.831
5 9 64.075 3.381
6 7 70.878 20.328
6 8 61.841 23.321
6 9 72.596 2.210
7 8 26.456 13.074
7 9 28.038 1.752
8 9 47.226 28.572