10
54.223
0 1 39.223 0.444
0 2 65.397 28.501
0 3 58.154 19.731
0 4 31.765 7.712
0 5 66.931 0.846
0 6 60.262 3.003
0 7 38.992 18.741
0 8 71.606 24.942
0 9 37.507 19.323
1 2 28.209 20.629
1 3 32.138 21.32
1 4 41.074 19.04
1 5 42.911 2.307
1 6 36.991 4.047
1 7 34.402 19.402
1 8 30.075 26.659
1 9 30.665 2.221
2 3 56.091 13.289
2 4 42.669 2.859
2 5 33.478 5.871
2 6 66.845 24.195
2 7 48.355 18.55 
2 8 37.973 8.243
2 9 41.658 3.783
3 4 27.815 23.978
3 5 32.805 16.426
3 6 26.697 6.169
3 7 41.69 5.149
3 8 63.829 24.441
3 9 30.566 14.907
4 5 57.659 2.742
4 6 71.526 16.137
4 7 31.319 10.678
4 8 47.689 0.361
4 9 36.49 22.646
5 6 44.852 2.324
5 7 38.29 28.89
5 8 72.515 27.611
5 9 54.01 2.48 
6 7 47.545 19.415
6 8 32.545 1.086
6 9 72.11 11.395
7 8 34.914 11.056
7 9 45.996 3.176 
8 9 64.254 26.856 