10
11.175
0 1 44.069 97.609
0 2 37.884 55.185
0 3 47.535 76.536
0 4 11.179 40.427
0 5 77.191 71.381
0 6 54.031 7.511
0 7 94.303 35.163
0 8 92.641 42.239
0 9 35.366 91.145
1 2 29.785 50.413
1 3 78.353 45.617
1 4 94.969 26.826
1 5 25.139 18.908
1 6 86.362 95.886
1 7 87.754 64.472
1 8 3.104 35.712
1 9 94.604 30.394
2 3 12.632 10.138
2 4 18.948 38.354
2 5 99.516 69.513
2 6 36.286 11.962
2 7 24.245 21.548
2 8 85.27 30.448
2 9 45.527 89.896
3 4 81.574 50.532
3 5 1.773 96.601
3 6 3.071 85.247
3 7 47.018 16.832
3 8 22.174 87.032
3 9 96.029 40.091
4 5 13.827 8.494
4 6 66.333 27.919
4 7 39.498 29.149
4 8 45.839 77.098
4 9 97.895 15.473
5 6 39.237 43.965
5 7 15.774 52.838
5 8 89.655 50.717
5 9 73.858 85.775
6 7 50.9 80.039
6 8 14.086 58.213
6 9 26.092 65.136
7 8 44.165 44.088
7 9 16.827 16.751
8 9 90.511 31.431