20
93.026
0 1 0.83 3.377
0 2 4.901 2.486
0 3 7.03 1.475
0 4 2.92 9.524
0 5 9.694 1.815
0 6 5.66 8.559
0 7 9.587 4.358
0 8 5.38 8.017
0 9 6.002 3.633
0 10 2.079 2.992
0 11 1.375 7.55
0 12 2.763 8.644
0 13 6.442 7.102
0 14 3.451 0.334
0 15 7.385 9.273
0 16 2.728 6.713
0 17 9.734 4.139
0 18 2.784 9.739
0 19 2.599 0.753
1 2 3.191 4.048
1 3 3.742 2.141
1 4 4.646 7.852
1 5 8.221 7.811
1 6 4.523 9.948
1 7 2.425 7.782
1 8 1.469 2.813
1 9 5.901 0.317
1 10 7.893 5.351
1 11 9.17 1.83
1 12 5.308 7.988
1 13 1.624 1.443
1 14 7.219 3.991
1 15 0.814 8.073
1 16 1.812 0.845
1 17 7.011 8.423
1 18 5.514 5.615
1 19 3.06 5.052
2 3 6.702 1.159
2 4 3.873 7.686
2 5 9.764 7.3
2 6 3.673 9.878
2 7 2.923 3.235
2 8 8.846 8.083
2 9 4.461 5.807
2 10 5.097 2.149
2 11 9.781 0.406
2 12 0.012 4.342
2 13 1.119 3.427
2 14 3.371 3.352
2 15 1.884 6.328
2 16 1.293 3.888
2 17 8.497 9.344
2 18 6.131 2.665
2 19 9.091 4.945
3 4 4.977 5.513
3 5 3.576 3.825
3 6 0.379 3.41
3 7 9.992 7.133
3 8 3.24 0.931
3 9 1.702 6.672
3 10 3.896 8.635
3 11 6.756 2.386
3 12 5.844 9.693
3 13 1.082 4.376
3 14 0.42 3.287
3 15 0.128 8.621
3 16 7.624 0.874
3 17 2.39 7.584
3 18 6.907 1.749
3 19 0.281 1.826
4 5 4.707 0.336
4 6 7.421 7.117
4 7 8.752 5.142
4 8 9.3 1.487
4 9 2.374 5.228
4 10 5.995 9.469
4 11 6.03 9.485
4 12 6.62 0.511
4 13 3.124 6.721
4 14 2.82 0.129
4 15 1.684 1.877
4 16 1.142 1.676
4 17 2.295 6.662
4 18 5.224 9.358
4 19 1.554 7.032
5 6 7.323 4.465
5 7 1.853 2.659
5 8 0.08 1.08
5 9 3.042 5.817
5 10 3.411 6.909
5 11 7.983 2.474
5 12 7.757 3.001
5 13 3.625 1.068
5 14 4.03 5.064
5 15 2.656 7.673
5 16 6.166 8.973
5 17 6.761 6.018
5 18 5.713 4.862
5 19 6.888 1.009
6 7 2.092 4.68
6 8 8.011 7.677
6 9 8.694 9.541
6 10 1.486 6.018
6 11 0.262 7.687
6 12 0.805 8.811
6 13 2.486 3.344
6 14 1.567 0.531
6 15 4.227 5.008
6 16 5.211 9.745
6 17 3.949 2.649
6 18 6.655 3.185
6 19 5.56 8.055
7 8 2.564 8.659
7 9 3.209 0.888
7 10 3.751 4.913
7 11 0.92 6.615
7 12 8.185 9.675
7 13 6.418 1.976
7 14 9.7 3.779
7 15 3.855 5.311
7 16 9.729 0.61
7 17 2.908 8.645
7 18 8.685 3.69
7 19 4.126 8.879
8 9 8.852 7.318
8 10 8.742 1.746
8 11 3.962 2.363
8 12 0.641 6.289
8 13 8.355 7.965
8 14 2.231 4.478
8 15 0.874 4.125
8 16 9.75 8.716
8 17 2.235 0.365
8 18 5.24 4.264
8 19 8.347 9.278
9 10 8.569 5.934
9 11 8.423 8.909
9 12 2.133 7.604
9 13 0.588 7.028
9 14 4.356 6.495
9 15 0.622 0.648
9 16 8.832 5.914
9 17 7.845 7.834
9 18 2.271 1.869
9 19 0.809 3.728
10 11 9.687 6.131
10 12 5.185 9.682
10 13 5.089 5.142
10 14 8.367 0.886
10 15 8.269 1.432
10 16 7.49 9.445
10 17 7.684 4.491
10 18 2.97 4.356
10 19 9.73 1.978
11 12 6.832 0.725
11 13 1.072 9.839
11 14 9.697 1.231
11 15 9.216 4.884
11 16 2.86 8.376
11 17 8.225 8.852
11 18 3.451 3.868
11 19 0.17 3.568
12 13 0.644 1.278
12 14 0.421 3.902
12 15 6.197 0.381
12 16 6.687 3.189
12 17 4.744 1.873
12 18 0.724 7.795
12 19 3.85 8.212
13 14 6.887 1.295
13 15 9.668 6.483
13 16 0.36 5.271
13 17 0.389 2.391
13 18 4.773 1.246
13 19 2.704 9.345
14 15 0.324 4.078
14 16 2.675 3.095
14 17 3.447 2.959
14 18 2.503 2.303
14 19 5.93 3.954
15 16 3.766 5.661
15 17 4.821 2.305
15 18 6.552 8.678
15 19 4.519 8.429
16 17 9.18 2.996
16 18 8.352 7.731
16 19 5.357 2.584
17 18 5.535 3.741
17 19 4.749 9.265
18 19 0.754 9.648