20
95.074
0 1 10.486 4.82
0 2 12.353 9.074
0 3 19.5 8.508
0 4 19.086 8.683
0 5 11.512 7.874
0 6 15.618 6.103
0 7 15.791 9.641
0 8 14.925 3.68
0 9 10.277 7.263
0 10 14.37 7.648
0 11 13.261 4.562
0 12 12.838 9.879
0 13 12.626 6.698
0 14 18.373 8.91
0 15 18.161 6.618
0 16 16.059 6.908
0 17 18.595 5.887
0 18 18.488 3.923
0 19 11.213 7.026
1 2 10.158 4.895
1 3 11.339 6.372
1 4 19.413 7.644
1 5 16.919 4.774
1 6 16.267 5.251
1 7 16.001 4.313
1 8 11.568 4.066
1 9 19.354 6.722
1 10 13.071 3.51
1 11 13.266 7.516
1 12 18.851 8.982
1 13 18.051 6.866
1 14 16.3 5.945
1 15 12.804 7.6
1 16 17.596 7.355
1 17 10.677 3.629
1 18 14.977 8.086
1 19 11.75 8.491
2 3 15.354 3.689
2 4 12.307 7.949
2 5 14.254 5.776
2 6 13.483 9.513
2 7 15.205 8.408
2 8 19.015 9.726
2 9 14.728 7.409
2 10 17.131 7.941
2 11 17.432 6.719
2 12 15.712 7.243
2 13 11.067 8.742
2 14 11.209 5.608
2 15 13.737 7.537
2 16 16.279 6.791
2 17 14.219 7.556
2 18 10.994 7.178
2 19 19.123 4.022
3 4 15.231 8.731
3 5 12.054 9.343
3 6 16.846 5.146
3 7 10.843 7.092
3 8 10.833 4.552
3 9 13.127 8.546
3 10 18.305 7.81
3 11 12.509 9.886
3 12 17.966 4.645
3 13 10.491 4.691
3 14 13.068 4.884
3 15 19.153 5.554
3 16 19.14 6.955
3 17 13.536 7.235
3 18 10.863 3.34
3 19 15.415 9.57
4 5 11.636 6.012
4 6 16.859 9.236
4 7 16.406 5.689
4 8 13.083 6.645
4 9 16.742 7.719
4 10 14.397 7.02
4 11 19.696 4.843
4 12 11.586 8.62
4 13 18.731 9.814
4 14 14.911 5.218
4 15 13.467 7.582
4 16 16.674 7.553
4 17 15.243 8.499
4 18 11.153 6.2
4 19 12.699 7.014
5 6 12.529 8.394
5 7 12.798 7.88
5 8 13.924 7.651
5 9 14.188 9.056
5 10 12.059 7.474
5 11 11.738 9.721
5 12 18.976 3.226
5 13 10.98 6.631
5 14 18.094 5.002
5 15 15.25 6.823
5 16 11.778 8.262
5 17 15.763 3.804
5 18 16.036 7.851
5 19 12.979 6.854
6 7 14.449 4.087
6 8 10.789 5.239
6 9 14.503 5.522
6 10 19.771 8.378
6 11 16.085 6.485
6 12 17.776 4.664
6 13 16.27 5.915
6 14 19.909 9.693
6 15 16.433 9.323
6 16 15.976 3.131
6 17 14.871 8.584
6 18 18.148 4.36
6 19 12.832 4.719
7 8 10.448 9.243
7 9 10.992 4.062
7 10 10.002 7.367
7 11 15.408 5.916
7 12 17.606 3.715
7 13 12.928 7.964
7 14 14.704 5.541
7 15 17.591 5.668
7 16 16.653 5.755
7 17 10.792 6.2
7 18 17.498 8.187
7 19 10.261 5.089
8 9 15.117 7.413
8 10 19.842 6.039
8 11 14.436 5.209
8 12 19.939 5.231
8 13 17.42 9.456
8 14 10.254 8.46
8 15 12.557 8.485
8 16 10.181 8.907
8 17 12.371 5.242
8 18 10.613 4.365
8 19 12.456 8.222
9 10 11.345 7.549
9 11 16.388 7.567
9 12 17.189 6.925
9 13 17.578 6.271
9 14 17.246 4.971
9 15 10.341 5.787
9 16 11.401 5.86
9 17 14.286 9.433
9 18 17.879 5.619
9 19 15.086 9.93
10 11 14.31 8.209
10 12 19.079 4.106
10 13 10.387 9.54
10 14 10.893 3.36
10 15 14.388 8.396
10 16 12.38 5.778
10 17 16.369 5.493
10 18 10.118 8.878
10 19 19.026 6.847
11 12 18.158 6.493
11 13 16.156 3.531
11 14 17.166 9.674
11 15 11.729 5.729
11 16 17.498 4.708
11 17 12.408 8.304
11 18 13.198 6.107
11 19 11.561 8.497
12 13 14.012 3.32
12 14 11.863 3.89
12 15 13.59 8.556
12 16 18.827 5.193
12 17 11.779 3.078
12 18 14.56 4.162
12 19 19.5 4.523
13 14 15.83 6.804
13 15 15.773 6.009
13 16 18.705 4.462
13 17 12.371 8.2
13 18 11.016 3.645
13 19 11.261 8.16
14 15 13.956 5.559
14 16 19.853 4.211
14 17 17.326 7.849
14 18 11.035 4.903
14 19 17.079 5.415
15 16 17.099 5.701
15 17 10.145 6.924
15 18 16.691 6.912
15 19 18.003 3.979
16 17 18.343 6.341
16 18 14.906 5.839
16 19 12.995 6.075
17 18 17.482 7.432
17 19 16.039 4.111
18 19 12.433 5.633