20
91.753
0 1 8.443 7.239
0 2 9.377 7.456
0 3 7.742 9.463
0 4 7.385 7.462
0 5 5.655 6.8
0 6 7.519 5.61
0 7 9.918 7.605
0 8 7.133 5.385
0 9 7.835 9.11
0 10 8.352 6.065
0 11 6.713 9.455
0 12 7.692 7.196
0 13 9.569 5.429
0 14 9.925 6.296
0 15 7.606 6.369
0 16 5.319 6.494
0 17 9.602 7.941
0 18 9.18 6.135
0 19 6.022 9.886
1 2 6.478 5.462
1 3 5.234 7.038
1 4 8.866 5.081
1 5 7.056 5.835
1 6 8.172 5.095
1 7 9.982 8.551
1 8 8.687 6.173
1 9 9.263 5.687
1 10 6.676 5.39
1 11 7.194 9.389
1 12 6.523 9.825
1 13 9.391 7.648
1 14 9.269 7.383
1 15 6.328 7.892
1 16 5.554 9.839
1 17 6.229 5.522
1 18 9.522 9.477
1 19 6.631 9.998
2 3 5.057 7.777
2 4 7.523 8.943
2 5 6.734 8.16
2 6 5.902 9.973
2 7 8.431 6.574
2 8 6.056 8.496
2 9 9.005 5.462
2 10 6.044 8.058
2 11 9.34 5.166
2 12 7.125 9.857
2 13 7.059 6.016
2 14 7.11 6.782
2 15 8.511 9.066
2 16 9.867 5.599
2 17 9.245 9.253
2 18 9.074 6.48
2 19 5.459 9.933
3 4 5.85 5.268
3 5 5.33 8.805
3 6 8.689 5.139
3 7 6.841 7.36
3 8 8.712 8.618
3 9 9.948 8.254
3 10 7.569 5.134
3 11 7.189 9.961
3 12 8.584 5.203
3 13 8.142 6.439
3 14 7.815 8.274
3 15 7.194 6.128
3 16 9.368 9.512
3 17 6.574 8.187
3 18 7.293 5.228
3 19 9.188 6.261
4 5 9.191 9.479
4 6 7.254 9.47
4 7 7.178 5.941
4 8 6.21 7.458
4 9 5.857 6.251
4 10 5.539 8.23
4 11 6.61 5.934
4 12 9.32 9.906
4 13 7.643 7.425
4 14 5.857 9.98
4 15 8.113 6.934
4 16 9.907 9.309
4 17 7.808 8.922
4 18 6.558 8.647
4 19 7.149 9.65
5 6 9.518 8.74
5 7 9.776 5.195
5 8 6.254 6.749
5 9 5.119 5.976
5 10 8.438 9.159
5 11 7.953 7.941
5 12 7.534 7.408
5 13 5.757 8.183
5 14 7.712 5.547
5 15 7.779 6.715
5 16 6.46 5.968
5 17 6.272 7.15
5 18 7.856 9.528
5 19 5.985 6.082
6 7 9.918 5.12
6 8 7.922 6.224
6 9 8.388 8.877
6 10 8.8 6.023
6 11 5.205 5.902
6 12 8.78 5.058
6 13 7.208 5.238
6 14 9.017 8.34
6 15 7.93 9.284
6 16 9.287 9.265
6 17 6.114 9.736
6 18 5.262 6.694
6 19 5.523 5.434
7 8 7.519 6.259
7 9 7.833 6.262
7 10 9.961 8.908
7 11 5.149 8.756
7 12 9.419 9.185
7 13 7.794 9.027
7 14 5.367 5.309
7 15 7.971 6.943
7 16 5.909 9.394
7 17 7.627 5.752
7 18 5.473 5.936
7 19 7.959 7.592
8 9 6.242 8.754
8 10 8.319 6.631
8 11 5.659 5.777
8 12 7.995 6.732
8 13 6.548 7.44
8 14 7.74 8.958
8 15 8.593 5.084
8 16 6.843 9.08
8 17 9.179 6.246
8 18 9.578 5.987
8 19 8.212 5.071
9 10 8.995 5.266
9 11 7.035 6.341
9 12 8.899 7.788
9 13 8.343 6.268
9 14 9.438 5.325
9 15 6.996 6.132
9 16 8.285 9.531
9 17 5.806 9.681
9 18 5.435 8.287
9 19 7.836 8.315
10 11 5.829 5.52
10 12 6.81 6.215
10 13 9.981 6.243
10 14 7.048 7.431
10 15 7.816 5.587
10 16 5.563 5.532
10 17 8.383 5.537
10 18 5.104 9.235
10 19 9.925 6.469
11 12 9.434 7.32
11 13 8.685 8.456
11 14 7.927 5.655
11 15 6.262 5.157
11 16 7.258 8.997
11 17 8.367 9.232
11 18 6.286 5.244
11 19 6.295 8.448
12 13 8.132 5.073
12 14 5.884 6.198
12 15 7.395 5.612
12 16 5.134 6.242
12 17 9.666 5.778
12 18 7.411 9.015
12 19 5.864 7.539
13 14 9.293 6.027
13 15 6.193 6.625
13 16 6.644 9.47
13 17 7.39 7.026
13 18 7.149 7.458
13 19 5.613 6.107
14 15 9.041 5.541
14 16 9.57 7.506
14 17 7.965 9.84
14 18 9.675 9.336
14 19 5.339 6.466
15 16 7.253 7.118
15 17 6.273 7.513
15 18 8.251 5.96
15 19 7.17 9.451
16 17 5.705 8.642
16 18 5.253 6.844
16 19 9.11 7.263
17 18 9.827 5.914
17 19 7.32 6.989
18 19 7.579 6.212