50
94.139
0 1 19.031 13.412
0 2 16.81 18.125
0 3 12.201 14.756
0 4 12.548 13.135
0 5 13.544 17.331
0 6 18.292 13.232
0 7 19.12 12.457
0 8 17.959 11.208
0 9 18.11 13.688
0 10 13.587 15.095
0 11 12.514 14.864
0 12 10.343 10.599
0 13 11.069 10.365
0 14 16.253 19.116
0 15 11.178 18.296
0 16 18.99 14.915
0 17 18.059 14.279
0 18 13.873 13.878
0 19 14.356 15.085
0 20 13.775 10.725
0 21 16.54 12.277
0 22 11.054 16.831
0 23 14.237 10.977
0 24 19.531 15.068
0 25 12.664 13.888
0 26 13.81 18.723
0 27 16.679 18.308
0 28 15.065 15.307
0 29 17.65 14.442
0 30 11.474 10.295
0 31 13.55 16.214
0 32 19.701 10.798
0 33 13.637 16.939
0 34 14.479 10.537
0 35 12.474 10.044
0 36 16.783 10.263
0 37 17.863 13.228
0 38 16.869 16.908
0 39 15.869 15.054
0 40 19.061 17.516
0 41 19.225 10.627
0 42 17.984 15.513
0 43 12.051 12.06
0 44 14.408 19.614
0 45 14.384 11.968
0 46 12.018 19.857
0 47 15.072 19.667
0 48 11.534 18.94
0 49 18.26 13.195
1 2 16.022 16.76
1 3 13.99 16.502
1 4 16.167 18.143
1 5 11.031 14.508
1 6 14.544 18.341
1 7 14.796 14.28
1 8 11.946 18.633
1 9 10.859 11.592
1 10 15.847 13.235
1 11 17.936 16.851
1 12 15.85 16.674
1 13 18.222 11.704
1 14 17.201 14.766
1 15 15.345 15.314
1 16 17.556 11.161
1 17 17.343 12.687
1 18 11.665 19.838
1 19 11.3 16.431
1 20 17.786 14.892
1 21 13.659 16.766
1 22 19.685 12.906
1 23 11.31 15.111
1 24 12.359 15.125
1 25 15.599 16.281
1 26 14.655 18.197
1 27 16.64 11.909
1 28 17.433 13.425
1 29 13.617 18.281
1 30 10.079 10.198
1 31 16.287 14.572
1 32 16.302 18.55
1 33 17.392 15.947
1 34 19.726 15.756
1 35 13.645 13.409
1 36 18.175 16.512
1 37 16.529 13.876
1 38 17.455 18.28
1 39 12.719 17.373
1 40 16.381 16.986
1 41 18.626 13.781
1 42 18.108 17.172
1 43 15.386 17.143
1 44 18.924 17.158
1 45 18.917 13.429
1 46 16.819 12.982
1 47 10.249 15.628
1 48 18.303 16.805
1 49 13.075 16.818
2 3 17.431 14.807
2 4 11.104 14.18
2 5 15.813 19.811
2 6 17.19 15.201
2 7 14.444 17.161
2 8 15.069 15.007
2 9 18.933 12.418
2 10 15.746 10.81
2 11 14.86 19.799
2 12 19.907 17.194
2 13 17.155 14.733
2 14 18.316 14.781
2 15 11.582 13.022
2 16 14.941 11.266
2 17 10.414 14.384
2 18 19.658 15.453
2 19 17.457 12.465
2 20 13.3 19.735
2 21 16.22 17.752
2 22 12.086 15.254
2 23 15.594 12.477
2 24 12.964 14.392
2 25 19.523 13.541
2 26 11.075 12.176
2 27 16.505 11.535
2 28 15.738 18.564
2 29 12.423 19.076
2 30 19.215 19.935
2 31 12.535 14.52
2 32 16.618 17.603
2 33 13.338 16.092
2 34 19.965 15.923
2 35 16.687 13.725
2 36 11.936 17.827
2 37 18.246 15.285
2 38 11.283 17.942
2 39 16.796 11.816
2 40 11.344 16.868
2 41 18.987 12.494
2 42 14.544 15.551
2 43 16.641 12.39
2 44 14.893 17.252
2 45 19.631 14.304
2 46 13.493 14.166
2 47 18.833 18.703
2 48 18.011 18.814
2 49 17.567 17.543
3 4 11.813 13.253
3 5 15.168 10.78
3 6 11.983 16.303
3 7 14.959 11.327
3 8 16.18 17.768
3 9 15.735 15.284
3 10 18.814 10.713
3 11 13.065 18.826
3 12 10.823 11.166
3 13 18.67 19.346
3 14 15.853 17.453
3 15 10.527 12.221
3 16 19.602 11.938
3 17 19.51 12.728
3 18 13.963 19.794
3 19 16.925 12.266
3 20 13.57 13.666
3 21 10.749 10.541
3 22 15.662 14.263
3 23 16.828 11.14
3 24 14.012 18.825
3 25 14.932 17.761
3 26 18.446 14.395
3 27 16.421 15.524
3 28 18.064 17.577
3 29 15.627 15.685
3 30 16.616 19.754
3 31 10.281 18.303
3 32 17.977 11.322
3 33 12.157 10.107
3 34 11.844 17.098
3 35 14.656 12.33
3 36 19.863 13.628
3 37 10.035 16.874
3 38 15.04 17.375
3 39 16.563 10.324
3 40 17.345 12.724
3 41 13.882 14.892
3 42 12.539 16.509
3 43 12.675 13.171
3 44 11.166 16.697
3 45 12.654 12.05
3 46 11.967 11.085
3 47 15.404 10.312
3 48 12.281 12.857
3 49 15.252 16.219
4 5 19.215 10.493
4 6 16.965 16.944
4 7 17.759 19.419
4 8 19.552 19.76
4 9 18.591 14.747
4 10 11.038 18.23
4 11 13.021 19.229
4 12 18.257 10.225
4 13 18.421 10.437
4 14 18.337 13.309
4 15 15.729 18.543
4 16 12.372 10.914
4 17 17.036 10.66
4 18 16.306 14.4
4 19 15.168 10.778
4 20 11.701 14.741
4 21 18.531 19.796
4 22 12.816 18.6
4 23 18.718 10.539
4 24 14.918 11.813
4 25 11.936 16.214
4 26 13.074 15.459
4 27 19.619 11.66
4 28 13.555 18.379
4 29 15.939 19.021
4 30 15.349 19.747
4 31 19.969 18.942
4 32 19.649 17.608
4 33 18.084 19.022
4 34 13.218 16.167
4 35 18.278 13.069
4 36 15.146 19.131
4 37 10.071 10.124
4 38 15.888 10.31
4 39 11.144 15.506
4 40 18.013 14.939
4 41 13.026 16.312
4 42 10.93 13.8
4 43 14.274 16.287
4 44 17.109 17.871
4 45 10.963 15.462
4 46 14.575 14.709
4 47 19.846 11.672
4 48 19.506 19.908
4 49 14.005 13.43
5 6 11.486 18.647
5 7 12.661 11.864
5 8 15.593 19.293
5 9 12.556 14.728
5 10 10.809 14.852
5 11 10.32 11.946
5 12 12.831 19.068
5 13 13.272 14.956
5 14 14.728 12.266
5 15 11.12 18.787
5 16 10.819 13.608
5 17 19.51 12.742
5 18 12.269 18.874
5 19 11.166 12.928
5 20 10.066 14.263
5 21 19.029 10.165
5 22 15.88 13.607
5 23 15.1 12.218
5 24 16.591 16.545
5 25 16.003 11.755
5 26 15.94 12.215
5 27 17.032 13.12
5 28 17.957 17.028
5 29 17.558 19.702
5 30 16.395 12.246
5 31 14.396 15.586
5 32 11.904 10.551
5 33 18.969 12.8
5 34 17.902 14.081
5 35 12.501 15.284
5 36 14.434 11.353
5 37 17.998 19.935
5 38 14.146 12.765
5 39 15.115 18.212
5 40 17.22 11.514
5 41 19.492 10.658
5 42 17.181 14.324
5 43 18.629 18.828
5 44 13.305 17.975
5 45 15.818 17.811
5 46 10.429 18.854
5 47 14.962 18.147
5 48 18.8 13.296
5 49 15.217 19.733
6 7 15.138 18.63
6 8 11.374 12.583
6 9 16.539 12.481
6 10 14.616 14.529
6 11 19.943 19.545
6 12 10.054 18.352
6 13 12.108 11.323
6 14 14.668 18.026
6 15 12.812 17.292
6 16 10.675 12.31
6 17 13.207 15.569
6 18 18.936 18.128
6 19 13.351 12.308
6 20 12.208 14.313
6 21 16.644 16.373
6 22 14.657 12.565
6 23 12.679 16.382
6 24 11.927 10.667
6 25 18.169 19.566
6 26 18.819 19.011
6 27 19.403 15.715
6 28 17.288 12.507
6 29 18.087 19.694
6 30 11.328 10.646
6 31 17.559 16.678
6 32 10.007 19.832
6 33 14.588 17.723
6 34 13.925 14.952
6 35 19.705 13.44
6 36 17.572 14.755
6 37 17.703 10.334
6 38 11.003 13.764
6 39 19.19 10.68
6 40 17.451 10.75
6 41 19.752 10.825
6 42 13.747 10.551
6 43 19.785 17.348
6 44 12.725 11.932
6 45 17.259 18.067
6 46 12.316 11.453
6 47 18.616 16.308
6 48 15.692 18.123
6 49 14.468 19.947
7 8 18.441 11.302
7 9 14.623 10.995
7 10 18.327 17.641
7 11 12.722 19.204
7 12 11.091 13.022
7 13 13.525 10.324
7 14 15.935 10.653
7 15 17.096 12.513
7 16 14.6 12.649
7 17 13.554 17.766
7 18 11.408 19.936
7 19 10.954 18.02
7 20 10.881 14.669
7 21 14.455 17.011
7 22 10.907 14.76
7 23 11.511 12.11
7 24 17.08 17.607
7 25 16.161 14.902
7 26 18.814 12.054
7 27 10.114 13.909
7 28 16.38 16.926
7 29 12.855 15.577
7 30 12.873 17.105
7 31 12.224 17.483
7 32 14.093 12.846
7 33 19.25 15.886
7 34 13.286 18.3
7 35 15.868 18.263
7 36 11.571 15.365
7 37 10.307 15.983
7 38 18.629 16.489
7 39 13.326 11.193
7 40 11.529 12.813
7 41 19.994 19.137
7 42 14.792 16.225
7 43 10.134 18.584
7 44 16.555 12.83
7 45 13.352 15.815
7 46 19.844 13.442
7 47 19.314 15.249
7 48 11.814 18.384
7 49 11.507 13.694
8 9 17.343 15.131
8 10 13.308 17.162
8 11 16.806 16.697
8 12 10.221 14.456
8 13 16.669 15.492
8 14 10.636 14.13
8 15 12.623 10.988
8 16 11.45 18.6
8 17 16.941 16.189
8 18 13.584 19.533
8 19 19.585 16.002
8 20 16.596 16.331
8 21 18.563 13.026
8 22 14.534 19.215
8 23 14.963 13.735
8 24 16.438 11.049
8 25 14.098 15.813
8 26 11.703 11.303
8 27 18.594 11.628
8 28 14.817 11.657
8 29 12.451 13.927
8 30 12.528 13.819
8 31 16.549 16.271
8 32 16.027 18.322
8 33 11.065 16.111
8 34 13.366 15.703
8 35 14.316 17.064
8 36 16.159 17.497
8 37 16.856 13.926
8 38 18.838 13.248
8 39 10.808 14.493
8 40 11.782 17.558
8 41 17.973 17.259
8 42 13.759 17.647
8 43 12.2 19.081
8 44 19.871 10.733
8 45 16.508 15.445
8 46 12.13 15.408
8 47 17.45 14.445
8 48 17.119 14.24
8 49 11.111 12.626
9 10 12.559 17.71
9 11 13.462 18.562
9 12 13.963 15.898
9 13 16.12 11.177
9 14 19.584 16.602
9 15 11.533 12.514
9 16 16.39 16.774
9 17 11.909 17.008
9 18 15.46 11.369
9 19 13.257 13.287
9 20 18.652 15.627
9 21 15.222 16.047
9 22 11.917 13.649
9 23 18.226 16.266
9 24 15.237 11.468
9 25 16.364 12.522
9 26 17.754 14.94
9 27 11.562 10.786
9 28 10.685 14.095
9 29 19.083 14.15
9 30 10.229 11.582
9 31 18.445 11.512
9 32 13.589 16.184
9 33 12.578 18.738
9 34 16.164 11.677
9 35 18.791 18.522
9 36 11.312 15.564
9 37 10.171 18.527
9 38 17.652 14.289
9 39 16.831 18.277
9 40 10.777 11.494
9 41 10.493 10.737
9 42 17.282 16.4
9 43 15.505 18.426
9 44 15.827 16.784
9 45 17.494 18.042
9 46 18.895 16.441
9 47 12.715 18.868
9 48 19.156 18.208
9 49 18.551 15.377
10 11 15.088 16.218
10 12 11.307 15.782
10 13 18.151 17.959
10 14 11.413 19.268
10 15 15.439 17.784
10 16 16.774 18.079
10 17 11.39 13.641
10 18 17.368 14.632
10 19 10.031 18.593
10 20 17.569 12.535
10 21 10.242 11.028
10 22 18.942 11.801
10 23 17.578 11.155
10 24 12.011 19.085
10 25 15.989 16.976
10 26 15.472 15.799
10 27 14.77 17.461
10 28 12.068 11.086
10 29 14.526 16.46
10 30 14.458 14.236
10 31 11.452 10.061
10 32 18.724 19.415
10 33 11.325 19.234
10 34 16.668 15.071
10 35 14.688 15.327
10 36 11.871 16.922
10 37 19.436 19.984
10 38 17.575 11.473
10 39 12.514 13.159
10 40 14.041 13.857
10 41 12.547 15.482
10 42 11.876 10.327
10 43 17.004 10.584
10 44 10.123 14.137
10 45 15.573 14.154
10 46 18.708 11.052
10 47 12.374 11.008
10 48 18.373 18.553
10 49 14.587 12.16
11 12 14.396 13.776
11 13 16.163 12.47
11 14 14.49 17.841
11 15 19.919 12.538
11 16 13.967 17.077
11 17 12.212 12.043
11 18 14.776 16.048
11 19 17.262 10.675
11 20 18.025 19.647
11 21 19.708 14.166
11 22 18.212 16.865
11 23 11.164 12.762
11 24 12.884 12.913
11 25 15.521 14.681
11 26 17.72 11.283
11 27 19.576 15.897
11 28 15.064 12.508
11 29 14.72 12.712
11 30 18.66 10.769
11 31 12.548 19.562
11 32 10.802 16.978
11 33 19.47 19.062
11 34 10.007 13.658
11 35 10.646 10.729
11 36 18.22 18.83
11 37 14.884 10.832
11 38 15.527 14.714
11 39 13.293 17.641
11 40 11.684 18.211
11 41 16.62 10.463
11 42 16.415 15.358
11 43 16.331 12.056
11 44 19.076 12.546
11 45 17.76 12.399
11 46 10.016 13.104
11 47 19.505 18.813
11 48 18.209 11.058
11 49 13.922 18.766
12 13 14.0 19.727
12 14 14.53 11.962
12 15 12.683 16.355
12 16 19.694 17.434
12 17 17.064 12.636
12 18 17.491 11.861
12 19 16.622 10.993
12 20 14.116 14.32
12 21 14.177 16.637
12 22 19.539 18.193
12 23 11.959 14.101
12 24 13.243 17.004
12 25 16.764 17.111
12 26 16.585 19.462
12 27 15.405 13.523
12 28 18.025 11.883
12 29 11.532 15.657
12 30 13.528 11.908
12 31 15.202 12.048
12 32 14.029 16.028
12 33 14.978 12.007
12 34 16.577 17.419
12 35 16.965 10.045
12 36 11.757 17.616
12 37 14.962 13.454
12 38 17.768 15.98
12 39 19.534 14.636
12 40 12.692 11.921
12 41 17.376 13.453
12 42 19.304 18.438
12 43 16.697 12.779
12 44 13.471 17.604
12 45 17.569 14.675
12 46 11.598 12.252
12 47 19.089 13.212
12 48 13.458 10.861
12 49 17.847 17.886
13 14 14.895 12.404
13 15 10.026 14.483
13 16 13.917 12.497
13 17 18.44 17.831
13 18 14.754 11.532
13 19 12.879 12.145
13 20 17.316 10.965
13 21 14.218 14.597
13 22 13.891 13.812
13 23 18.587 11.081
13 24 11.346 11.577
13 25 12.873 14.508
13 26 11.607 14.483
13 27 18.283 16.565
13 28 19.047 15.252
13 29 12.209 15.535
13 30 19.615 13.449
13 31 16.813 11.756
13 32 11.913 18.409
13 33 10.463 11.228
13 34 11.878 15.404
13 35 19.425 18.149
13 36 17.529 17.31
13 37 18.905 13.647
13 38 16.133 18.566
13 39 10.536 13.744
13 40 15.945 15.541
13 41 11.512 16.662
13 42 11.658 14.813
13 43 17.397 11.772
13 44 17.125 13.995
13 45 18.682 11.22
13 46 16.374 11.725
13 47 16.701 12.717
13 48 16.051 16.737
13 49 17.035 15.579
14 15 12.121 18.162
14 16 13.012 11.194
14 17 16.444 17.168
14 18 12.933 14.709
14 19 12.476 11.579
14 20 13.948 17.272
14 21 15.542 11.66
14 22 16.495 10.277
14 23 18.014 12.422
14 24 13.6 18.801
14 25 14.535 10.367
14 26 18.019 17.568
14 27 18.738 14.053
14 28 13.05 19.507
14 29 10.934 12.163
14 30 14.357 19.937
14 31 12.872 16.189
14 32 13.962 19.189
14 33 16.708 11.922
14 34 12.373 11.137
14 35 16.564 15.181
14 36 14.464 14.789
14 37 19.213 10.857
14 38 15.494 12.203
14 39 13.527 17.225
14 40 19.959 11.365
14 41 15.123 19.472
14 42 17.166 15.215
14 43 14.784 17.434
14 44 17.758 15.808
14 45 11.361 18.156
14 46 12.552 13.422
14 47 13.653 12.782
14 48 15.221 12.342
14 49 18.621 18.319
15 16 14.968 19.381
15 17 16.345 11.467
15 18 12.476 17.279
15 19 15.53 15.294
15 20 15.499 19.367
15 21 11.397 10.06
15 22 15.086 11.976
15 23 15.704 10.556
15 24 17.09 19.895
15 25 13.409 19.313
15 26 11.023 17.836
15 27 18.386 13.684
15 28 11.662 19.581
15 29 13.126 12.611
15 30 15.904 13.584
15 31 16.556 18.947
15 32 10.141 18.217
15 33 16.164 16.607
15 34 11.288 17.011
15 35 16.018 11.948
15 36 17.131 13.792
15 37 10.352 15.384
15 38 14.581 17.678
15 39 16.063 15.958
15 40 15.742 12.244
15 41 10.981 11.6
15 42 18.236 10.612
15 43 13.273 19.176
15 44 12.973 13.556
15 45 10.405 16.488
15 46 15.319 19.817
15 47 19.483 10.875
15 48 11.388 18.002
15 49 19.697 13.13
16 17 14.449 16.915
16 18 18.623 10.883
16 19 15.704 12.208
16 20 15.092 17.025
16 21 14.478 14.575
16 22 18.614 17.511
16 23 17.66 14.699
16 24 18.03 11.699
16 25 17.199 18.087
16 26 16.623 15.276
16 27 10.196 17.61
16 28 12.354 14.485
16 29 17.91 19.819
16 30 12.459 18.755
16 31 16.177 10.358
16 32 16.463 17.248
16 33 17.309 12.35
16 34 15.491 16.093
16 35 12.054 15.976
16 36 11.975 17.101
16 37 17.455 10.344
16 38 10.125 17.812
16 39 16.618 17.265
16 40 17.44 10.193
16 41 13.942 12.045
16 42 19.001 16.389
16 43 12.515 19.489
16 44 14.277 14.899
16 45 16.685 19.169
16 46 18.313 15.67
16 47 18.125 16.551
16 48 13.814 18.786
16 49 18.746 16.739
17 18 18.367 17.507
17 19 11.351 16.403
17 20 16.452 13.159
17 21 18.024 12.425
17 22 15.865 19.032
17 23 10.776 16.348
17 24 19.481 17.339
17 25 16.022 19.248
17 26 18.309 11.463
17 27 10.948 14.035
17 28 10.999 10.921
17 29 16.367 17.335
17 30 11.155 16.562
17 31 17.874 12.278
17 32 11.263 13.133
17 33 13.088 10.327
17 34 16.996 19.364
17 35 16.334 12.196
17 36 19.161 11.604
17 37 10.278 16.273
17 38 14.745 19.958
17 39 12.149 15.589
17 40 11.406 15.432
17 41 16.459 10.5
17 42 19.243 17.37
17 43 13.846 15.421
17 44 10.676 13.327
17 45 19.011 18.377
17 46 14.001 10.648
17 47 15.439 15.94
17 48 10.352 10.682
17 49 15.127 12.498
18 19 11.979 16.9
18 20 12.568 17.861
18 21 12.42 12.923
18 22 16.843 12.704
18 23 14.748 11.574
18 24 13.485 14.98
18 25 16.571 11.014
18 26 11.443 16.216
18 27 11.712 12.892
18 28 19.199 15.082
18 29 18.205 15.083
18 30 14.502 14.99
18 31 13.179 10.166
18 32 11.223 15.598
18 33 13.92 16.445
18 34 14.485 16.688
18 35 11.06 12.758
18 36 10.656 13.17
18 37 10.863 13.669
18 38 13.968 17.32
18 39 16.665 10.587
18 40 19.824 17.313
18 41 10.849 12.511
18 42 16.812 16.691
18 43 15.37 17.157
18 44 10.471 14.134
18 45 17.775 11.323
18 46 13.801 19.606
18 47 16.675 14.938
18 48 16.487 13.408
18 49 10.089 17.608
19 20 13.41 17.935
19 21 12.925 19.268
19 22 12.456 14.436
19 23 11.237 15.357
19 24 12.314 17.396
19 25 10.627 16.648
19 26 13.035 10.715
19 27 18.619 12.091
19 28 15.972 16.886
19 29 11.906 13.528
19 30 15.439 16.256
19 31 11.795 14.256
19 32 11.159 16.869
19 33 12.392 12.593
19 34 15.305 19.693
19 35 13.083 10.845
19 36 12.481 15.332
19 37 17.184 13.597
19 38 18.178 15.226
19 39 18.001 13.924
19 40 14.007 14.08
19 41 18.639 18.167
19 42 16.501 18.395
19 43 15.146 17.311
19 44 12.826 19.218
19 45 15.088 17.977
19 46 18.606 17.823
19 47 16.768 10.286
19 48 18.772 17.246
19 49 14.795 14.119
20 21 12.458 16.854
20 22 10.976 15.617
20 23 18.188 12.421
20 24 13.678 18.027
20 25 11.258 13.836
20 26 13.85 11.988
20 27 12.791 12.938
20 28 15.125 10.617
20 29 13.033 19.78
20 30 12.339 18.985
20 31 18.313 18.924
20 32 19.644 16.278
20 33 18.988 13.279
20 34 14.232 11.558
20 35 13.723 18.043
20 36 14.387 18.423
20 37 17.187 16.73
20 38 15.811 16.876
20 39 10.844 18.1
20 40 13.449 10.081
20 41 10.961 15.023
20 42 16.129 19.255
20 43 16.702 16.288
20 44 18.589 16.331
20 45 12.322 12.81
20 46 10.182 18.706
20 47 12.748 19.989
20 48 12.872 19.943
20 49 14.801 19.394
21 22 10.223 19.545
21 23 12.208 14.141
21 24 10.263 16.853
21 25 17.307 17.041
21 26 10.16 14.568
21 27 15.025 19.488
21 28 19.089 17.628
21 29 19.611 10.394
21 30 17.96 10.937
21 31 19.974 18.402
21 32 14.545 18.309
21 33 12.194 16.812
21 34 16.417 16.394
21 35 12.755 19.478
21 36 13.51 19.625
21 37 14.876 15.366
21 38 19.984 11.908
21 39 10.078 13.595
21 40 10.877 13.445
21 41 16.429 11.391
21 42 17.484 13.56
21 43 19.281 14.208
21 44 17.605 12.539
21 45 18.275 15.194
21 46 12.469 13.341
21 47 13.816 17.431
21 48 14.26 17.531
21 49 18.598 14.324
22 23 17.918 16.821
22 24 18.869 11.291
22 25 17.163 18.267
22 26 10.758 11.072
22 27 18.071 15.874
22 28 14.348 13.236
22 29 14.563 13.301
22 30 16.364 14.456
22 31 14.421 19.268
22 32 12.497 14.155
22 33 12.64 15.78
22 34 10.336 13.624
22 35 18.6 14.963
22 36 15.347 13.905
22 37 18.126 19.582
22 38 17.49 10.841
22 39 10.368 10.335
22 40 11.91 17.103
22 41 17.845 15.392
22 42 14.42 11.196
22 43 16.649 14.006
22 44 14.769 17.106
22 45 19.146 17.875
22 46 14.363 14.381
22 47 13.359 12.38
22 48 16.869 17.625
22 49 14.909 14.198
23 24 16.986 18.479
23 25 17.011 11.269
23 26 15.458 14.369
23 27 12.95 19.447
23 28 13.413 15.018
23 29 16.677 19.377
23 30 19.237 11.165
23 31 17.258 15.441
23 32 10.808 10.833
23 33 17.442 12.498
23 34 12.292 14.332
23 35 15.346 10.021
23 36 14.263 14.293
23 37 15.806 19.444
23 38 10.37 14.015
23 39 18.348 16.001
23 40 18.828 17.97
23 41 14.425 10.088
23 42 19.862 14.243
23 43 11.767 12.46
23 44 18.962 12.858
23 45 19.952 15.884
23 46 15.694 11.764
23 47 14.968 19.922
23 48 16.627 18.526
23 49 12.195 16.753
24 25 17.174 11.576
24 26 10.403 14.757
24 27 15.777 14.521
24 28 14.56 17.14
24 29 18.2 13.53
24 30 13.715 16.535
24 31 19.416 11.364
24 32 10.468 13.633
24 33 12.582 10.283
24 34 17.956 16.012
24 35 19.371 17.107
24 36 19.09 16.54
24 37 19.934 12.533
24 38 18.048 17.366
24 39 16.977 19.626
24 40 13.312 19.366
24 41 13.292 19.336
24 42 11.329 15.562
24 43 18.411 16.28
24 44 14.605 13.207
24 45 11.9 14.34
24 46 11.643 12.874
24 47 14.302 13.792
24 48 17.689 18.723
24 49 17.959 10.109
25 26 10.02 10.149
25 27 10.17 11.004
25 28 11.941 12.858
25 29 12.224 14.816
25 30 17.529 15.411
25 31 13.28 18.885
25 32 12.671 12.206
25 33 19.08 16.619
25 34 10.486 19.695
25 35 19.86 11.668
25 36 15.595 14.979
25 37 11.721 18.203
25 38 12.858 19.577
25 39 15.418 13.648
25 40 10.079 10.444
25 41 13.063 14.442
25 42 16.788 17.025
25 43 10.016 18.235
25 44 11.78 14.011
25 45 10.661 14.41
25 46 17.269 19.169
25 47 19.026 19.38
25 48 15.709 11.566
25 49 16.943 13.815
26 27 16.733 16.662
26 28 12.905 16.095
26 29 11.869 13.173
26 30 16.966 18.938
26 31 18.767 15.569
26 32 13.373 11.447
26 33 14.492 10.794
26 34 18.235 11.183
26 35 13.813 13.186
26 36 11.916 11.346
26 37 18.586 17.035
26 38 17.528 13.486
26 39 14.332 11.822
26 40 13.444 16.637
26 41 18.704 19.205
26 42 14.228 13.77
26 43 13.11 17.484
26 44 11.698 19.137
26 45 13.367 14.043
26 46 16.957 17.827
26 47 12.008 15.431
26 48 17.459 14.978
26 49 16.324 16.238
27 28 12.124 17.318
27 29 11.953 10.379
27 30 17.872 19.603
27 31 11.845 12.638
27 32 15.745 14.323
27 33 10.694 18.547
27 34 10.299 18.902
27 35 19.217 14.299
27 36 18.238 15.493
27 37 18.695 13.951
27 38 15.978 18.191
27 39 16.628 17.427
27 40 12.712 14.668
27 41 19.452 13.33
27 42 16.726 19.783
27 43 17.0 15.16
27 44 15.819 10.914
27 45 10.791 18.355
27 46 12.707 15.236
27 47 13.796 17.349
27 48 10.137 13.044
27 49 15.507 19.815
28 29 18.699 12.924
28 30 18.418 12.671
28 31 12.552 19.885
28 32 10.763 13.095
28 33 19.62 17.621
28 34 11.746 17.083
28 35 12.216 15.238
28 36 15.578 16.034
28 37 14.827 13.19
28 38 17.441 10.909
28 39 12.593 13.166
28 40 14.976 18.233
28 41 19.102 17.901
28 42 10.425 11.438
28 43 17.784 16.332
28 44 15.647 15.184
28 45 17.9 13.189
28 46 11.223 10.271
28 47 12.197 12.7
28 48 17.26 12.613
28 49 19.412 16.198
29 30 16.77 16.945
29 31 15.399 11.563
29 32 16.226 11.576
29 33 10.887 16.89
29 34 16.043 19.612
29 35 10.292 13.156
29 36 16.792 18.363
29 37 10.183 11.383
29 38 13.95 17.409
29 39 13.258 10.762
29 40 19.914 11.166
29 41 16.309 14.755
29 42 15.43 14.48
29 43 16.148 14.021
29 44 12.475 19.167
29 45 13.402 15.425
29 46 16.464 19.783
29 47 13.061 12.704
29 48 10.981 18.895
29 49 14.528 12.329
30 31 13.258 19.025
30 32 14.839 13.418
30 33 17.747 12.407
30 34 14.683 18.805
30 35 13.945 19.422
30 36 17.258 17.377
30 37 16.179 16.665
30 38 15.028 10.403
30 39 12.82 11.548
30 40 12.529 19.637
30 41 14.447 17.135
30 42 18.399 13.798
30 43 19.082 16.816
30 44 12.489 18.295
30 45 12.712 15.388
30 46 13.306 19.446
30 47 11.575 17.961
30 48 16.363 15.327
30 49 12.716 15.857
31 32 18.747 14.219
31 33 15.231 15.474
31 34 11.241 19.439
31 35 18.055 13.757
31 36 15.202 18.215
31 37 18.558 18.462
31 38 19.537 16.913
31 39 13.385 12.701
31 40 15.441 10.023
31 41 12.065 16.56
31 42 16.79 11.576
31 43 19.922 11.09
31 44 16.372 13.274
31 45 16.209 15.827
31 46 15.78 18.342
31 47 13.32 11.477
31 48 15.302 14.38
31 49 17.539 12.309
32 33 16.578 10.908
32 34 19.975 17.885
32 35 14.874 13.049
32 36 11.414 15.807
32 37 15.981 16.161
32 38 13.897 19.454
32 39 15.994 13.809
32 40 15.337 17.958
32 41 19.886 14.363
32 42 19.363 13.683
32 43 14.618 10.122
32 44 17.691 10.424
32 45 16.77 16.483
32 46 13.485 11.76
32 47 10.11 13.188
32 48 10.793 10.251
32 49 18.522 11.77
33 34 13.947 18.949
33 35 12.471 12.681
33 36 16.411 11.188
33 37 13.503 15.614
33 38 17.286 14.253
33 39 16.004 13.955
33 40 16.289 14.069
33 41 16.935 10.427
33 42 17.757 10.694
33 43 19.107 10.965
33 44 12.155 14.78
33 45 18.797 16.182
33 46 14.94 17.454
33 47 19.84 17.498
33 48 16.876 10.989
33 49 18.768 11.442
34 35 14.227 12.442
34 36 17.613 16.66
34 37 15.439 19.494
34 38 17.725 18.858
34 39 11.146 15.722
34 40 17.864 15.302
34 41 10.086 16.931
34 42 17.263 13.852
34 43 17.564 13.31
34 44 12.714 16.859
34 45 14.962 12.248
34 46 15.122 14.743
34 47 14.669 16.297
34 48 16.259 13.749
34 49 15.944 18.537
35 36 17.911 11.657
35 37 11.844 16.244
35 38 17.728 17.244
35 39 12.372 19.734
35 40 16.254 13.398
35 41 13.789 18.797
35 42 12.954 18.031
35 43 10.279 10.056
35 44 17.603 19.192
35 45 19.565 14.141
35 46 12.498 19.948
35 47 16.282 18.824
35 48 12.224 19.09
35 49 19.946 14.04
36 37 12.163 11.471
36 38 15.837 19.894
36 39 17.102 19.405
36 40 18.483 12.181
36 41 11.14 15.416
36 42 12.007 12.06
36 43 12.584 17.799
36 44 19.16 16.271
36 45 13.361 18.144
36 46 17.701 13.144
36 47 16.447 11.438
36 48 11.587 15.248
36 49 13.934 15.621
37 38 13.755 16.294
37 39 11.929 18.596
37 40 14.507 13.785
37 41 11.081 18.001
37 42 13.39 16.415
37 43 16.099 12.946
37 44 12.351 15.732
37 45 16.771 11.207
37 46 18.579 19.434
37 47 14.593 13.771
37 48 18.563 10.843
37 49 13.943 12.873
38 39 15.401 13.019
38 40 15.961 18.718
38 41 17.2 16.255
38 42 18.693 13.125
38 43 19.566 17.576
38 44 18.348 12.693
38 45 12.054 17.572
38 46 16.745 17.04
38 47 14.636 18.042
38 48 14.58 19.286
38 49 13.964 16.333
39 40 19.964 18.12
39 41 15.008 17.988
39 42 16.523 11.025
39 43 19.84 12.108
39 44 14.466 14.144
39 45 19.714 19.876
39 46 16.262 16.24
39 47 19.559 17.006
39 48 17.905 19.491
39 49 11.126 18.805
40 41 18.08 14.098
40 42 16.934 15.06
40 43 12.61 12.726
40 44 13.831 16.85
40 45 10.262 12.235
40 46 18.098 14.02
40 47 15.77 10.307
40 48 19.929 14.098
40 49 18.219 11.454
41 42 14.585 13.115
41 43 19.775 19.807
41 44 12.084 17.394
41 45 11.677 15.056
41 46 14.406 13.814
41 47 19.696 11.387
41 48 16.819 11.167
41 49 10.188 13.396
42 43 17.638 14.061
42 44 19.546 18.633
42 45 17.528 19.865
42 46 14.528 10.384
42 47 15.379 10.303
42 48 13.921 10.224
42 49 11.597 12.89
43 44 12.994 15.955
43 45 17.037 19.994
43 46 19.301 14.779
43 47 11.546 17.299
43 48 12.659 14.706
43 49 12.575 16.898
44 45 19.461 14.223
44 46 16.793 16.989
44 47 19.992 12.179
44 48 15.639 18.531
44 49 10.416 12.882
45 46 13.367 10.5
45 47 16.629 15.64
45 48 12.345 15.758
45 49 13.444 14.993
46 47 15.044 14.504
46 48 15.078 13.321
46 49 12.998 13.94
47 48 14.622 10.018
47 49 12.42 12.783
48 49 14.593 13.103