50
82.013
0 1 16.223 11.512
0 2 13.002 15.615
0 3 18.463 19.921
0 4 1.553 19.047
0 5 16.75 18.951
0 6 19.709 0.326
0 7 6.209 14.33
0 8 15.641 13.493
0 9 9.531 16.918
0 10 8.309 9.322
0 11 1.358 6.95
0 12 16.619 1.393
0 13 5.343 6.534
0 14 4.796 4.605
0 15 4.448 9.337
0 16 3.281 1.846
0 17 9.698 4.554
0 18 12.536 5.073
0 19 17.746 12.443
0 20 6.448 3.658
0 21 15.35 11.624
0 22 10.11 16.869
0 23 18.695 19.342
0 24 14.492 13.202
0 25 0.303 6.726
0 26 7.746 17.174
0 27 16.242 2.475
0 28 4.769 17.247
0 29 11.536 8.549
0 30 15.376 16.017
0 31 3.425 11.706
0 32 7.615 16.029
0 33 8.237 7.557
0 34 11.82 13.177
0 35 4.12 7.555
0 36 19.237 7.624
0 37 13.431 1.201
0 38 7.259 14.937
0 39 2.302 10.068
0 40 10.189 8.132
0 41 0.128 6.116
0 42 7.673 15.444
0 43 8.467 19.758
0 44 17.18 2.22
0 45 10.557 2.028
0 46 3.353 6.792
0 47 12.006 13.127
0 48 9.826 4.344
0 49 3.95 7.818
1 2 14.745 14.753
1 3 16.684 1.138
1 4 7.373 9.906
1 5 19.856 19.13
1 6 11.871 7.435
1 7 2.584 9.822
1 8 1.898 13.845
1 9 5.334 4.227
1 10 7.151 2.794
1 11 8.638 19.293
1 12 12.054 11.688
1 13 8.829 2.329
1 14 2.956 1.706
1 15 2.589 9.114
1 16 6.361 11.098
1 17 4.613 16.496
1 18 8.464 1.315
1 19 14.941 7.173
1 20 11.297 5.889
1 21 19.877 17.091
1 22 2.401 8.462
1 23 3.391 17.679
1 24 17.973 17.53
1 25 12.907 8.727
1 26 9.945 5.692
1 27 8.885 11.543
1 28 0.606 7.933
1 29 12.311 4.157
1 30 14.146 15.761
1 31 5.674 6.91
1 32 1.665 7.105
1 33 13.111 5.581
1 34 11.293 6.694
1 35 11.612 0.515
1 36 15.978 1.146
1 37 8.306 3.878
1 38 11.503 13.961
1 39 12.219 7.311
1 40 3.198 13.338
1 41 8.293 10.803
1 42 4.31 1.225
1 43 6.782 1.308
1 44 0.145 5.492
1 45 0.028 7.154
1 46 19.383 3.026
1 47 0.3 10.508
1 48 13.468 14.411
1 49 14.292 12.236
2 3 17.298 18.725
2 4 2.591 16.694
2 5 8.903 15.392
2 6 13.393 1.503
2 7 8.7 8.57
2 8 11.76 4.559
2 9 1.289 3.58
2 10 1.372 0.448
2 11 11.428 5.478
2 12 9.54 12.261
2 13 3.59 15.527
2 14 14.036 13.917
2 15 14.049 12.236
2 16 14.641 5.895
2 17 15.821 6.856
2 18 4.155 14.181
2 19 3.781 18.088
2 20 1.882 1.316
2 21 9.703 9.279
2 22 5.05 0.443
2 23 10.7 0.809
2 24 19.145 3.44
2 25 9.33 5.769
2 26 2.794 17.776
2 27 7.914 3.183
2 28 10.416 19.346
2 29 9.594 7.52
2 30 1.93 13.855
2 31 11.881 15.831
2 32 12.526 14.835
2 33 2.289 5.61
2 34 8.172 2.014
2 35 1.466 16.524
2 36 19.345 19.158
2 37 11.225 19.993
2 38 4.812 11.577
2 39 8.955 0.854
2 40 14.14 11.521
2 41 0.409 0.001
2 42 14.354 9.522
2 43 4.76 15.348
2 44 2.486 15.017
2 45 8.022 14.05
2 46 9.241 17.102
2 47 18.188 6.248
2 48 11.942 17.223
2 49 9.909 3.729
3 4 16.327 10.603
3 5 12.312 11.181
3 6 19.199 8.721
3 7 19.576 10.129
3 8 19.139 8.1
3 9 15.808 9.736
3 10 2.92 17.9
3 11 18.329 14.286
3 12 9.277 9.331
3 13 19.653 6.154
3 14 15.808 19.291
3 15 15.466 13.092
3 16 14.534 18.543
3 17 0.581 14.747
3 18 12.776 18.83
3 19 4.0 13.204
3 20 1.534 13.04
3 21 19.184 4.575
3 22 5.13 16.77
3 23 12.88 17.49
3 24 6.814 1.067
3 25 3.89 11.423
3 26 3.179 4.298
3 27 16.475 4.245
3 28 10.325 10.346
3 29 2.219 2.05
3 30 8.732 18.725
3 31 5.531 2.18
3 32 8.214 19.871
3 33 12.226 6.468
3 34 2.009 19.808
3 35 0.044 4.081
3 36 4.143 3.492
3 37 11.173 4.849
3 38 12.601 15.124
3 39 3.533 16.603
3 40 3.908 4.262
3 41 6.337 8.259
3 42 10.362 16.963
3 43 16.579 9.503
3 44 16.11 0.211
3 45 18.036 9.156
3 46 4.884 6.014
3 47 2.994 11.011
3 48 8.374 17.356
3 49 5.284 10.563
4 5 0.458 5.112
4 6 4.465 7.429
4 7 8.515 8.85
4 8 19.062 13.691
4 9 10.465 16.742
4 10 9.949 3.45
4 11 3.982 19.306
4 12 6.344 0.376
4 13 11.998 5.403
4 14 16.139 17.71
4 15 15.858 3.58
4 16 9.341 1.011
4 17 15.96 17.96
4 18 2.349 14.487
4 19 13.396 3.707
4 20 4.226 18.263
4 21 18.517 16.744
4 22 12.583 8.497
4 23 13.714 18.585
4 24 15.073 14.466
4 25 1.556 15.936
4 26 12.741 18.749
4 27 9.061 8.643
4 28 14.058 1.722
4 29 4.877 7.007
4 30 9.605 3.251
4 31 19.582 1.357
4 32 6.421 14.704
4 33 4.027 7.781
4 34 4.349 4.204
4 35 7.696 10.674
4 36 9.248 4.513
4 37 6.167 19.703
4 38 5.329 11.707
4 39 4.661 9.051
4 40 0.319 15.979
4 41 0.366 5.706
4 42 16.261 1.479
4 43 3.453 8.894
4 44 14.3 10.363
4 45 10.556 9.349
4 46 0.425 14.155
4 47 9.168 19.143
4 48 19.897 6.297
4 49 11.959 1.607
5 6 0.944 9.543
5 7 2.286 17.505
5 8 12.844 1.218
5 9 16.808 14.689
5 10 2.727 17.839
5 11 19.611 15.34
5 12 6.771 11.287
5 13 10.026 4.94
5 14 19.721 8.247
5 15 13.147 0.336
5 16 6.266 10.85
5 17 15.912 1.893
5 18 5.863 0.812
5 19 14.056 15.676
5 20 16.798 19.636
5 21 14.28 5.887
5 22 5.042 3.635
5 23 2.198 16.576
5 24 19.305 14.71
5 25 4.218 4.371
5 26 4.402 16.711
5 27 0.17 13.687
5 28 10.631 13.62
5 29 8.394 12.997
5 30 11.148 12.699
5 31 14.015 16.87
5 32 7.733 13.608
5 33 9.081 9.574
5 34 6.09 3.693
5 35 4.66 13.604
5 36 12.141 9.652
5 37 4.117 13.867
5 38 7.921 3.713
5 39 2.345 12.94
5 40 8.634 1.555
5 41 2.968 15.909
5 42 13.302 1.029
5 43 18.617 14.447
5 44 9.43 1.395
5 45 6.963 2.128
5 46 17.998 6.785
5 47 2.232 9.971
5 48 15.391 6.484
5 49 8.32 3.771
6 7 16.662 11.911
6 8 15.155 19.014
6 9 19.091 7.725
6 10 10.566 8.884
6 11 18.823 0.148
6 12 12.459 19.397
6 13 14.422 12.223
6 14 5.958 10.348
6 15 7.633 19.046
6 16 10.103 3.646
6 17 4.646 4.158
6 18 6.604 14.288
6 19 16.037 11.333
6 20 12.227 14.516
6 21 14.724 2.901
6 22 18.319 7.943
6 23 17.627 8.968
6 24 15.864 18.236
6 25 10.45 1.672
6 26 4.854 7.574
6 27 13.554 10.346
6 28 19.605 8.551
6 29 16.678 17.548
6 30 2.367 3.305
6 31 17.303 4.566
6 32 19.783 1.769
6 33 16.514 19.118
6 34 7.46 17.118
6 35 17.116 13.317
6 36 10.116 16.602
6 37 2.933 1.666
6 38 9.842 0.045
6 39 6.303 4.712
6 40 9.192 2.056
6 41 9.071 7.937
6 42 5.162 18.761
6 43 19.633 0.26
6 44 17.003 11.424
6 45 13.596 6.456
6 46 18.145 6.983
6 47 3.098 11.486
6 48 18.666 13.582
6 49 12.362 1.038
7 8 3.391 11.04
7 9 7.515 6.406
7 10 3.651 6.836
7 11 1.077 8.959
7 12 18.291 3.697
7 13 18.047 6.29
7 14 11.432 16.994
7 15 11.626 12.007
7 16 1.695 5.967
7 17 18.156 1.102
7 18 11.297 15.325
7 19 9.831 7.899
7 20 0.472 1.796
7 21 1.841 13.693
7 22 2.982 18.747
7 23 4.136 10.399
7 24 0.322 18.319
7 25 17.045 0.938
7 26 18.667 7.855
7 27 18.691 14.128
7 28 1.392 18.017
7 29 2.797 2.33
7 30 19.255 2.664
7 31 10.692 14.687
7 32 7.663 6.841
7 33 12.862 11.067
7 34 7.928 3.466
7 35 12.853 3.101
7 36 5.425 12.804
7 37 9.195 10.942
7 38 10.271 8.418
7 39 9.351 5.558
7 40 13.404 1.282
7 41 14.079 1.257
7 42 1.299 9.852
7 43 8.647 18.273
7 44 19.965 10.751
7 45 12.854 19.38
7 46 7.517 0.499
7 47 17.046 5.316
7 48 4.091 12.496
7 49 7.643 9.828
8 9 4.099 18.504
8 10 15.505 7.797
8 11 3.448 17.268
8 12 16.997 4.1
8 13 2.138 15.683
8 14 11.588 6.697
8 15 1.474 6.206
8 16 8.287 13.034
8 17 15.212 9.807
8 18 17.97 18.973
8 19 11.664 2.374
8 20 3.95 16.003
8 21 17.681 9.505
8 22 5.437 15.701
8 23 1.669 18.693
8 24 0.428 17.459
8 25 2.325 19.311
8 26 17.531 14.731
8 27 5.843 14.703
8 28 15.637 8.153
8 29 2.021 19.299
8 30 10.162 8.747
8 31 5.174 5.443
8 32 6.93 7.23
8 33 2.7 8.718
8 34 7.89 14.381
8 35 7.474 17.521
8 36 12.821 1.897
8 37 17.717 6.319
8 38 7.678 11.01
8 39 5.479 14.864
8 40 11.791 14.811
8 41 1.349 1.499
8 42 18.828 18.708
8 43 4.228 14.73
8 44 5.303 8.88
8 45 8.321 4.241
8 46 3.573 0.379
8 47 3.254 3.748
8 48 19.943 12.334
8 49 19.81 8.503
9 10 16.162 2.77
9 11 4.504 10.064
9 12 8.579 13.586
9 13 6.791 8.709
9 14 4.778 1.759
9 15 1.257 5.338
9 16 14.232 5.296
9 17 11.046 6.531
9 18 14.847 7.008
9 19 10.269 3.798
9 20 9.529 3.372
9 21 16.864 13.119
9 22 4.677 10.928
9 23 4.016 11.363
9 24 7.988 0.029
9 25 0.889 0.328
9 26 9.647 0.66
9 27 18.505 13.466
9 28 19.04 0.969
9 29 4.928 18.588
9 30 19.444 0.816
9 31 19.883 12.488
9 32 5.042 16.533
9 33 14.899 9.101
9 34 17.041 3.506
9 35 7.618 11.846
9 36 0.021 11.71
9 37 17.794 19.352
9 38 10.381 15.562
9 39 1.215 11.157
9 40 16.71 16.286
9 41 11.451 17.935
9 42 0.702 6.832
9 43 8.884 11.795
9 44 16.012 2.417
9 45 16.633 3.369
9 46 10.255 14.055
9 47 6.479 10.818
9 48 4.555 17.748
9 49 12.174 11.584
10 11 17.156 19.658
10 12 11.025 2.745
10 13 6.698 2.672
10 14 6.001 2.858
10 15 9.893 15.247
10 16 7.194 3.69
10 17 4.298 17.417
10 18 0.869 17.553
10 19 5.127 0.098
10 20 15.44 5.039
10 21 9.909 18.676
10 22 7.926 0.817
10 23 0.239 16.31
10 24 11.517 11.494
10 25 11.931 19.32
10 26 0.998 4.793
10 27 12.476 15.527
10 28 11.696 3.526
10 29 16.189 17.126
10 30 7.858 6.942
10 31 11.67 2.103
10 32 2.117 4.022
10 33 2.163 17.574
10 34 17.88 17.665
10 35 17.521 10.4
10 36 6.413 6.535
10 37 1.827 14.436
10 38 11.814 14.621
10 39 10.214 15.439
10 40 4.537 0.322
10 41 9.261 3.923
10 42 14.393 15.78
10 43 10.656 0.662
10 44 12.868 16.186
10 45 3.846 0.184
10 46 1.957 1.342
10 47 16.955 13.062
10 48 15.88 14.61
10 49 16.327 18.172
11 12 13.892 12.33
11 13 15.575 9.474
11 14 7.32 7.902
11 15 0.384 18.766
11 16 19.18 17.895
11 17 8.863 17.504
11 18 18.047 0.518
11 19 10.268 13.801
11 20 19.986 7.939
11 21 12.799 10.488
11 22 18.109 19.655
11 23 6.822 16.027
11 24 13.629 13.279
11 25 15.614 0.474
11 26 17.639 11.673
11 27 11.29 7.499
11 28 16.557 14.959
11 29 10.464 17.492
11 30 2.049 6.622
11 31 1.645 3.811
11 32 7.907 8.041
11 33 17.912 12.532
11 34 19.008 14.434
11 35 0.976 6.375
11 36 5.491 5.411
11 37 6.554 0.923
11 38 9.929 16.994
11 39 17.528 6.279
11 40 13.73 19.212
11 41 4.656 15.713
11 42 7.337 8.482
11 43 9.481 2.901
11 44 18.38 19.202
11 45 5.439 19.187
11 46 13.347 8.257
11 47 0.382 11.282
11 48 17.262 13.488
11 49 7.581 10.511
12 13 8.048 10.48
12 14 1.452 0.6
12 15 19.999 8.125
12 16 18.16 17.136
12 17 4.444 12.728
12 18 9.924 12.066
12 19 6.163 5.421
12 20 3.78 0.723
12 21 18.46 8.197
12 22 8.989 1.318
12 23 16.202 6.654
12 24 17.696 10.214
12 25 2.115 8.162
12 26 15.034 15.201
12 27 14.749 5.948
12 28 10.794 16.712
12 29 1.648 5.986
12 30 18.059 12.34
12 31 6.816 5.39
12 32 17.072 4.615
12 33 2.098 9.766
12 34 11.029 17.828
12 35 0.085 9.789
12 36 19.707 5.274
12 37 3.37 4.117
12 38 16.171 14.06
12 39 19.937 15.458
12 40 13.193 5.978
12 41 7.833 11.874
12 42 1.573 4.229
12 43 18.008 4.133
12 44 11.572 2.466
12 45 19.748 2.481
12 46 1.432 6.815
12 47 11.226 8.625
12 48 8.813 8.603
12 49 13.611 17.292
13 14 13.288 16.065
13 15 14.251 14.258
13 16 6.605 12.593
13 17 1.522 1.548
13 18 19.985 13.081
13 19 8.747 7.889
13 20 16.018 11.402
13 21 19.361 5.751
13 22 15.615 18.298
13 23 12.086 12.185
13 24 16.377 11.748
13 25 4.374 14.84
13 26 1.669 0.184
13 27 14.341 16.164
13 28 19.601 14.282
13 29 1.235 14.527
13 30 10.387 12.63
13 31 7.429 5.05
13 32 12.347 9.31
13 33 5.613 8.857
13 34 4.518 6.857
13 35 18.269 13.019
13 36 16.512 17.944
13 37 16.835 7.674
13 38 4.09 5.118
13 39 13.295 12.208
13 40 4.985 17.897
13 41 13.721 13.717
13 42 9.283 16.941
13 43 8.81 16.729
13 44 18.374 11.59
13 45 3.953 11.125
13 46 8.209 15.005
13 47 10.121 5.373
13 48 17.679 19.342
13 49 9.533 13.218
14 15 6.815 19.552
14 16 12.333 16.585
14 17 17.572 19.247
14 18 14.967 13.031
14 19 11.388 1.487
14 20 14.343 5.387
14 21 10.111 1.623
14 22 1.907 10.636
14 23 7.992 11.735
14 24 0.097 8.479
14 25 0.784 5.525
14 26 16.575 2.106
14 27 3.051 19.231
14 28 8.637 2.595
14 29 19.492 1.745
14 30 12.538 7.944
14 31 10.999 4.991
14 32 18.353 13.841
14 33 8.741 0.167
14 34 2.315 12.869
14 35 1.554 18.014
14 36 4.026 6.958
14 37 5.37 18.692
14 38 6.848 9.795
14 39 6.155 18.813
14 40 11.512 17.583
14 41 17.652 4.662
14 42 18.061 6.95
14 43 15.271 0.396
14 44 18.452 16.381
14 45 19.98 18.445
14 46 13.072 9.897
14 47 3.923 10.076
14 48 8.601 12.967
14 49 10.963 12.58
15 16 2.076 16.73
15 17 14.76 5.329
15 18 18.729 2.814
15 19 4.233 0.114
15 20 0.126 12.577
15 21 13.852 16.067
15 22 2.021 6.186
15 23 14.691 18.451
15 24 4.124 12.644
15 25 1.94 13.265
15 26 19.521 4.375
15 27 13.467 13.274
15 28 12.972 12.455
15 29 6.33 6.561
15 30 10.697 10.727
15 31 17.649 1.637
15 32 13.8 18.494
15 33 2.524 7.172
15 34 0.046 11.094
15 35 19.507 13.759
15 36 15.479 13.065
15 37 2.913 5.422
15 38 12.207 9.641
15 39 5.952 18.637
15 40 6.1 8.736
15 41 9.783 6.908
15 42 4.683 1.259
15 43 13.001 19.832
15 44 3.663 10.01
15 45 13.485 13.659
15 46 16.161 6.02
15 47 6.553 9.853
15 48 0.327 1.379
15 49 6.305 1.922
16 17 2.138 0.676
16 18 5.376 4.527
16 19 17.647 14.437
16 20 13.067 11.385
16 21 5.519 1.352
16 22 17.244 18.412
16 23 10.261 1.927
16 24 6.686 3.895
16 25 10.547 17.467
16 26 10.821 19.473
16 27 2.376 1.47
16 28 14.261 2.125
16 29 19.873 8.559
16 30 18.224 2.83
16 31 0.624 18.549
16 32 19.754 10.357
16 33 8.79 7.608
16 34 14.813 11.361
16 35 0.532 12.383
16 36 14.03 4.553
16 37 2.732 3.453
16 38 12.71 2.397
16 39 14.235 13.172
16 40 9.174 9.154
16 41 4.245 15.115
16 42 10.217 5.219
16 43 9.275 7.929
16 44 2.504 5.844
16 45 7.332 16.572
16 46 11.676 19.851
16 47 18.815 7.319
16 48 4.749 7.238
16 49 19.201 0.369
17 18 12.832 8.48
17 19 15.93 6.165
17 20 3.566 18.533
17 21 17.416 12.262
17 22 13.604 3.968
17 23 8.361 15.412
17 24 13.824 13.622
17 25 2.732 7.537
17 26 6.374 10.799
17 27 0.591 11.397
17 28 5.209 12.033
17 29 7.96 7.174
17 30 12.06 15.045
17 31 3.302 10.139
17 32 19.517 9.446
17 33 7.958 15.269
17 34 15.963 1.129
17 35 11.514 15.814
17 36 11.691 15.937
17 37 19.077 9.576
17 38 17.35 18.229
17 39 13.074 10.868
17 40 16.92 8.801
17 41 7.82 19.218
17 42 14.703 5.496
17 43 10.454 2.676
17 44 11.047 16.686
17 45 16.971 1.238
17 46 8.626 8.827
17 47 19.633 17.563
17 48 12.808 4.727
17 49 0.788 19.913
18 19 5.572 11.491
18 20 5.268 19.568
18 21 8.558 4.531
18 22 5.424 13.599
18 23 15.275 17.788
18 24 11.408 8.936
18 25 8.626 9.672
18 26 6.805 18.803
18 27 8.166 12.559
18 28 11.439 0.777
18 29 10.189 18.039
18 30 3.031 8.806
18 31 1.651 0.658
18 32 13.756 0.268
18 33 10.895 9.257
18 34 10.601 17.691
18 35 4.237 12.126
18 36 14.184 11.272
18 37 12.636 0.23
18 38 4.656 9.038
18 39 15.546 10.805
18 40 11.174 19.868
18 41 6.277 16.032
18 42 12.892 14.42
18 43 12.096 16.768
18 44 4.176 10.869
18 45 13.619 15.702
18 46 15.605 16.417
18 47 1.31 11.037
18 48 3.416 1.807
18 49 1.211 2.497
19 20 2.267 0.929
19 21 0.105 12.299
19 22 15.748 17.803
19 23 6.626 8.316
19 24 13.699 14.027
19 25 13.551 1.199
19 26 18.549 17.816
19 27 3.288 9.294
19 28 10.423 11.518
19 29 7.617 6.35
19 30 8.501 4.152
19 31 1.367 11.529
19 32 13.571 4.664
19 33 14.452 1.08
19 34 12.696 4.309
19 35 13.648 9.778
19 36 6.99 13.092
19 37 1.972 6.711
19 38 1.021 9.439
19 39 12.888 4.65
19 40 8.202 15.593
19 41 5.259 10.767
19 42 2.885 14.929
19 43 10.256 8.449
19 44 1.612 7.798
19 45 7.773 3.559
19 46 5.965 15.129
19 47 17.222 3.56
19 48 0.93 18.765
19 49 12.175 16.104
20 21 6.783 2.177
20 22 5.792 2.041
20 23 1.347 6.942
20 24 10.45 18.17
20 25 8.643 7.981
20 26 6.314 3.225
20 27 12.759 15.582
20 28 6.488 0.427
20 29 15.173 0.014
20 30 2.088 18.632
20 31 12.539 9.127
20 32 0.029 10.216
20 33 16.5 1.817
20 34 13.432 7.895
20 35 4.45 16.871
20 36 19.029 15.425
20 37 16.361 14.845
20 38 13.956 1.074
20 39 4.901 0.487
20 40 3.284 3.343
20 41 11.451 7.299
20 42 16.461 14.554
20 43 8.08 6.372
20 44 7.119 16.718
20 45 14.093 18.262
20 46 13.785 19.93
20 47 0.2 3.384
20 48 17.574 19.734
20 49 8.533 13.003
21 22 18.599 18.613
21 23 1.182 14.538
21 24 19.126 2.643
21 25 0.306 10.754
21 26 14.179 9.2
21 27 2.626 1.474
21 28 15.676 9.379
21 29 12.932 8.872
21 30 12.849 0.116
21 31 1.752 8.319
21 32 9.61 2.199
21 33 16.502 18.965
21 34 1.869 3.372
21 35 1.963 8.945
21 36 3.94 2.214
21 37 10.269 19.152
21 38 0.526 12.196
21 39 14.983 14.289
21 40 1.442 1.265
21 41 8.604 8.648
21 42 15.967 8.292
21 43 0.18 5.247
21 44 0.666 13.788
21 45 3.088 0.74
21 46 3.565 10.634
21 47 8.87 8.93
21 48 15.541 16.643
21 49 9.484 2.323
22 23 18.161 19.247
22 24 2.389 18.734
22 25 3.043 19.146
22 26 12.496 2.569
22 27 16.635 0.669
22 28 19.703 0.693
22 29 6.598 10.548
22 30 11.654 9.112
22 31 5.332 5.347
22 32 1.145 13.305
22 33 5.764 13.258
22 34 10.053 13.776
22 35 9.302 16.6
22 36 10.414 1.798
22 37 0.805 9.286
22 38 12.94 13.431
22 39 9.192 16.438
22 40 9.356 10.533
22 41 11.489 3.431
22 42 7.069 3.25
22 43 12.466 9.828
22 44 5.703 19.188
22 45 8.429 9.193
22 46 6.749 8.517
22 47 13.35 7.88
22 48 19.789 1.566
22 49 14.373 0.546
23 24 11.017 1.083
23 25 7.223 17.403
23 26 18.625 12.792
23 27 17.657 17.516
23 28 18.425 10.412
23 29 7.207 19.907
23 30 7.52 18.435
23 31 13.197 16.464
23 32 11.156 19.788
23 33 11.121 13.551
23 34 8.199 14.289
23 35 16.8 11.15
23 36 7.957 14.587
23 37 11.473 10.779
23 38 17.126 17.784
23 39 3.79 15.355
23 40 7.524 8.194
23 41 13.881 10.273
23 42 9.266 18.692
23 43 17.129 0.934
23 44 1.261 5.381
23 45 10.112 13.526
23 46 7.942 5.114
23 47 17.982 8.082
23 48 12.156 17.067
23 49 15.891 13.519
24 25 3.466 3.911
24 26 0.461 13.77
24 27 10.529 17.585
24 28 4.081 1.294
24 29 17.787 7.234
24 30 10.858 4.87
24 31 4.65 18.088
24 32 10.648 3.886
24 33 1.002 7.754
24 34 11.902 16.313
24 35 17.418 1.03
24 36 15.29 12.089
24 37 11.171 4.507
24 38 19.5 8.776
24 39 7.821 17.659
24 40 4.34 6.185
24 41 11.676 11.618
24 42 19.27 4.404
24 43 13.333 0.751
24 44 19.732 6.774
24 45 1.409 13.635
24 46 16.023 13.105
24 47 10.401 8.676
24 48 9.298 11.978
24 49 13.819 17.629
25 26 10.715 3.563
25 27 10.13 6.141
25 28 19.927 6.462
25 29 15.436 14.946
25 30 18.516 9.048
25 31 7.123 9.951
25 32 5.24 15.683
25 33 16.768 10.143
25 34 17.339 4.283
25 35 19.28 2.257
25 36 3.594 2.603
25 37 9.533 9.685
25 38 18.224 2.865
25 39 14.338 17.94
25 40 0.487 12.218
25 41 15.421 7.172
25 42 10.393 9.902
25 43 17.755 7.011
25 44 11.241 0.179
25 45 8.941 12.162
25 46 1.529 9.136
25 47 5.739 14.759
25 48 8.63 11.174
25 49 13.116 19.589
26 27 8.488 1.72
26 28 4.048 18.046
26 29 19.761 11.671
26 30 1.582 2.118
26 31 15.808 1.268
26 32 8.199 3.314
26 33 19.276 18.169
26 34 15.797 14.413
26 35 16.587 13.854
26 36 14.226 8.303
26 37 13.736 4.235
26 38 11.113 17.443
26 39 15.72 10.305
26 40 0.099 19.89
26 41 19.306 7.677
26 42 5.852 19.326
26 43 16.776 17.214
26 44 6.994 10.884
26 45 5.118 4.582
26 46 3.242 0.225
26 47 6.291 5.489
26 48 2.752 10.491
26 49 10.753 9.233
27 28 8.607 11.382
27 29 2.382 6.789
27 30 5.187 16.47
27 31 17.455 6.691
27 32 11.571 10.551
27 33 18.043 19.021
27 34 5.599 12.446
27 35 18.063 16.458
27 36 12.641 17.844
27 37 14.81 0.121
27 38 7.406 5.949
27 39 4.837 7.459
27 40 9.972 3.655
27 41 18.998 16.63
27 42 17.098 1.478
27 43 11.174 4.804
27 44 6.65 17.246
27 45 16.129 10.115
27 46 18.443 15.417
27 47 0.989 4.352
27 48 6.807 7.479
27 49 13.334 12.67
28 29 0.742 14.392
28 30 10.024 3.609
28 31 10.454 17.527
28 32 1.654 7.651
28 33 3.381 4.893
28 34 19.111 7.767
28 35 9.498 3.282
28 36 1.032 15.279
28 37 8.982 4.982
28 38 10.682 12.876
28 39 14.434 15.371
28 40 4.45 2.765
28 41 5.439 7.201
28 42 3.878 15.864
28 43 4.853 5.668
28 44 13.771 2.021
28 45 4.237 15.289
28 46 15.878 2.156
28 47 11.362 15.187
28 48 2.284 15.792
28 49 19.866 8.788
29 30 3.585 15.656
29 31 19.367 16.318
29 32 8.274 16.237
29 33 1.603 2.226
29 34 0.245 9.016
29 35 11.797 4.377
29 36 4.738 10.038
29 37 8.985 16.855
29 38 2.915 0.513
29 39 1.254 19.166
29 40 0.74 18.72
29 41 19.637 3.098
29 42 10.282 13.533
29 43 17.604 18.632
29 44 3.602 1.921
29 45 7.375 3.106
29 46 19.14 11.534
29 47 5.706 17.208
29 48 4.363 0.917
29 49 2.476 8.707
30 31 11.327 1.828
30 32 3.874 11.909
30 33 11.49 12.208
30 34 0.585 17.145
30 35 5.331 8.651
30 36 9.17 6.226
30 37 16.927 7.857
30 38 2.983 6.262
30 39 12.842 7.819
30 40 14.822 1.983
30 41 5.546 15.548
30 42 18.763 14.208
30 43 12.853 4.771
30 44 18.319 5.633
30 45 5.55 6.424
30 46 7.038 0.271
30 47 4.574 6.231
30 48 19.591 13.016
30 49 6.115 18.112
31 32 1.727 10.973
31 33 10.803 19.745
31 34 18.974 4.482
31 35 18.379 11.675
31 36 17.557 12.02
31 37 5.25 10.791
31 38 0.303 7.56
31 39 4.168 12.156
31 40 17.693 15.426
31 41 14.615 1.292
31 42 15.858 4.997
31 43 18.414 19.91
31 44 17.749 5.611
31 45 17.74 2.244
31 46 3.351 10.615
31 47 0.042 0.085
31 48 8.66 8.301
31 49 9.375 9.712
32 33 0.695 16.456
32 34 7.041 1.162
32 35 7.523 5.7
32 36 13.41 9.74
32 37 1.814 2.667
32 38 19.526 13.221
32 39 6.87 4.209
32 40 13.272 10.096
32 41 14.803 8.618
32 42 2.435 17.084
32 43 12.263 1.351
32 44 6.312 14.014
32 45 16.174 11.547
32 46 2.803 11.496
32 47 14.675 13.363
32 48 13.429 10.412
32 49 8.329 16.275
33 34 17.619 12.035
33 35 2.337 3.888
33 36 6.062 16.03
33 37 18.539 0.775
33 38 13.899 0.762
33 39 10.447 11.271
33 40 7.075 14.149
33 41 11.477 8.454
33 42 9.457 15.821
33 43 4.884 8.717
33 44 15.788 2.302
33 45 18.721 1.924
33 46 1.891 4.818
33 47 1.865 10.092
33 48 13.608 8.842
33 49 5.884 11.386
34 35 10.501 4.696
34 36 10.094 10.416
34 37 10.389 17.939
34 38 4.511 0.984
34 39 2.136 0.885
34 40 14.994 1.574
34 41 16.585 4.43
34 42 17.214 4.954
34 43 1.514 5.317
34 44 17.965 7.357
34 45 17.194 3.936
34 46 9.129 7.88
34 47 5.463 19.847
34 48 4.681 15.173
34 49 15.005 7.273
35 36 13.488 16.765
35 37 12.28 8.543
35 38 6.816 16.475
35 39 4.7 19.85
35 40 15.629 0.816
35 41 10.411 2.383
35 42 12.964 7.92
35 43 18.949 0.725
35 44 5.148 16.03
35 45 13.492 9.759
35 46 17.765 13.67
35 47 15.507 5.885
35 48 7.997 18.682
35 49 2.434 11.14
36 37 3.458 8.751
36 38 12.449 3.539
36 39 8.923 7.713
36 40 5.356 12.229
36 41 1.881 3.264
36 42 5.148 18.346
36 43 11.315 12.913
36 44 18.18 3.4
36 45 13.158 3.067
36 46 2.936 4.255
36 47 1.502 14.222
36 48 13.191 9.535
36 49 17.944 5.705
37 38 8.771 14.818
37 39 19.166 9.051
37 40 1.65 0.15
37 41 7.941 3.884
37 42 7.273 14.893
37 43 19.014 17.852
37 44 0.113 10.511
37 45 11.246 6.505
37 46 17.016 0.075
37 47 5.622 0.286
37 48 7.15 19.197
37 49 17.555 13.841
38 39 13.953 2.303
38 40 0.375 5.734
38 41 15.223 13.395
38 42 18.845 8.622
38 43 7.958 11.245
38 44 4.247 16.421
38 45 16.047 18.254
38 46 12.148 10.465
38 47 10.756 15.37
38 48 10.487 4.435
38 49 0.987 3.508
39 40 10.262 10.952
39 41 18.591 7.288
39 42 13.969 8.765
39 43 18.327 12.851
39 44 8.686 0.561
39 45 18.751 15.374
39 46 3.431 16.331
39 47 2.703 0.559
39 48 5.583 8.219
39 49 7.537 3.926
40 41 8.385 15.363
40 42 12.75 17.841
40 43 5.759 16.793
40 44 14.849 9.994
40 45 6.762 17.213
40 46 0.645 12.034
40 47 1.091 4.876
40 48 2.999 19.207
40 49 15.205 17.677
41 42 14.941 2.932
41 43 6.91 7.041
41 44 10.358 8.8
41 45 5.31 3.405
41 46 16.305 1.381
41 47 13.377 7.032
41 48 11.051 6.796
41 49 0.281 12.04
42 43 11.485 4.99
42 44 17.925 10.608
42 45 4.677 18.534
42 46 17.513 11.101
42 47 3.298 11.705
42 48 9.898 15.398
42 49 1.314 6.635
43 44 16.707 9.539
43 45 15.29 9.314
43 46 8.915 1.652
43 47 14.996 13.946
43 48 1.299 11.991
43 49 18.364 2.157
44 45 8.97 19.217
44 46 1.991 11.72
44 47 2.377 19.638
44 48 11.698 6.734
44 49 13.059 10.525
45 46 18.694 16.848
45 47 1.556 18.122
45 48 6.843 0.52
45 49 19.518 2.813
46 47 6.157 15.349
46 48 18.25 10.526
46 49 13.963 2.408
47 48 10.674 12.213
47 49 4.299 4.856
48 49 9.226 15.677