50
71.491
0 1 3.962 100.707
0 2 1.04 100.726
0 3 3.422 100.707
0 4 3.505 100.752
0 5 4.24 100.372
0 6 4.598 100.641
0 7 3.732 100.273
0 8 2.763 100.973
0 9 4.251 100.927
0 10 4.845 100.094
0 11 2.665 100.67
0 12 1.773 100.318
0 13 3.425 100.261
0 14 1.406 100.367
0 15 3.11 100.796
0 16 1.454 100.408
0 17 3.861 100.531
0 18 2.188 100.289
0 19 3.831 100.287
0 20 3.699 100.582
0 21 1.155 100.684
0 22 3.118 100.552
0 23 3.906 100.958
0 24 1.627 100.009
0 25 1.086 100.675
0 26 3.402 100.248
0 27 3.095 100.732
0 28 3.909 100.613
0 29 4.031 100.689
0 30 4.609 100.025
0 31 4.586 100.641
0 32 2.176 100.597
0 33 1.858 100.051
0 34 4.117 100.067
0 35 1.237 100.615
0 36 2.659 100.193
0 37 4.69 100.054
0 38 1.02 100.432
0 39 1.698 100.006
0 40 4.694 100.464
0 41 3.84 100.024
0 42 3.439 100.238
0 43 2.203 100.336
0 44 4.648 100.09
0 45 4.589 100.115
0 46 1.425 100.535
0 47 2.22 100.7
0 48 4.512 100.658
0 49 3.642 100.474
1 2 2.734 101.0
1 3 4.337 100.268
1 4 1.124 100.135
1 5 3.363 100.177
1 6 1.762 100.74
1 7 1.945 100.813
1 8 2.156 100.299
1 9 4.833 100.794
1 10 4.369 100.142
1 11 1.248 100.204
1 12 2.86 100.97
1 13 2.414 100.536
1 14 4.233 100.928
1 15 3.897 100.038
1 16 2.252 100.747
1 17 2.046 100.607
1 18 2.058 100.99
1 19 3.279 100.54
1 20 4.188 100.736
1 21 2.716 100.982
1 22 4.037 100.281
1 23 3.747 100.886
1 24 4.684 100.423
1 25 1.167 100.739
1 26 2.748 100.756
1 27 3.016 100.205
1 28 4.987 100.889
1 29 4.328 100.832
1 30 1.423 100.197
1 31 2.816 100.475
1 32 4.339 100.474
1 33 4.167 100.052
1 34 4.843 100.948
1 35 3.794 100.189
1 36 3.533 100.65
1 37 2.387 100.725
1 38 2.579 100.146
1 39 3.174 100.802
1 40 3.384 100.486
1 41 1.137 100.335
1 42 3.204 100.885
1 43 2.056 100.595
1 44 3.198 100.458
1 45 2.136 100.063
1 46 3.991 100.539
1 47 1.829 100.773
1 48 4.822 100.003
1 49 4.994 100.428
2 3 4.908 100.619
2 4 2.545 100.998
2 5 2.666 100.141
2 6 4.6 100.359
2 7 4.925 100.098
2 8 1.507 100.38
2 9 3.895 100.456
2 10 4.125 100.933
2 11 2.586 100.094
2 12 2.135 100.947
2 13 3.525 100.413
2 14 2.574 100.049
2 15 2.632 100.41
2 16 3.082 100.667
2 17 4.012 100.904
2 18 2.394 100.338
2 19 1.173 100.065
2 20 2.269 100.973
2 21 4.407 100.793
2 22 1.296 100.255
2 23 3.899 100.658
2 24 4.503 100.191
2 25 1.074 100.224
2 26 2.339 100.115
2 27 2.902 100.6
2 28 4.65 100.891
2 29 4.609 100.19
2 30 3.938 100.533
2 31 2.296 100.399
2 32 1.206 100.438
2 33 1.613 100.476
2 34 2.269 100.007
2 35 3.612 100.369
2 36 3.573 100.122
2 37 4.178 100.402
2 38 3.476 100.495
2 39 4.961 100.369
2 40 3.125 100.603
2 41 2.502 100.234
2 42 3.725 100.302
2 43 4.91 100.357
2 44 2.751 100.54
2 45 1.061 100.02
2 46 3.873 100.043
2 47 4.402 100.498
2 48 3.511 100.507
2 49 4.268 100.708
3 4 2.1 100.65
3 5 4.661 100.222
3 6 1.761 100.984
3 7 2.882 100.335
3 8 1.057 100.046
3 9 2.518 100.722
3 10 3.402 100.468
3 11 4.318 100.409
3 12 2.121 100.512
3 13 3.782 100.748
3 14 3.772 100.2
3 15 2.26 100.277
3 16 3.124 100.164
3 17 4.145 100.202
3 18 1.451 100.69
3 19 2.683 100.295
3 20 4.291 100.497
3 21 3.765 100.182
3 22 3.138 100.21
3 23 2.536 100.551
3 24 2.788 100.605
3 25 1.629 100.237
3 26 3.318 100.34
3 27 4.066 100.317
3 28 2.015 100.571
3 29 1.832 100.462
3 30 4.978 100.799
3 31 1.031 100.71
3 32 1.203 100.601
3 33 3.385 100.026
3 34 3.734 100.118
3 35 1.364 100.296
3 36 2.738 100.894
3 37 1.075 100.855
3 38 4.273 100.274
3 39 4.34 100.233
3 40 1.832 100.185
3 41 4.798 100.187
3 42 2.308 100.594
3 43 1.577 100.109
3 44 1.282 100.937
3 45 4.698 100.283
3 46 3.902 100.424
3 47 3.726 100.567
3 48 1.181 100.561
3 49 4.018 100.721
4 5 2.485 100.386
4 6 3.087 100.368
4 7 2.188 100.016
4 8 4.716 100.172
4 9 3.075 100.378
4 10 1.805 100.126
4 11 2.094 100.109
4 12 3.297 100.66
4 13 2.963 100.336
4 14 2.783 100.781
4 15 1.115 100.53
4 16 4.539 100.808
4 17 1.955 100.909
4 18 3.695 100.947
4 19 2.663 100.865
4 20 4.888 100.322
4 21 4.75 100.815
4 22 2.217 100.547
4 23 4.897 100.656
4 24 1.636 100.259
4 25 4.556 100.279
4 26 1.235 100.12
4 27 4.782 100.996
4 28 4.1 100.901
4 29 1.543 100.21
4 30 2.29 100.933
4 31 3.757 100.304
4 32 2.158 100.181
4 33 3.218 100.016
4 34 4.637 100.578
4 35 1.763 100.256
4 36 2.464 100.831
4 37 4.904 100.739
4 38 2.348 100.902
4 39 1.68 100.207
4 40 2.658 100.048
4 41 2.059 100.28
4 42 2.378 100.066
4 43 3.631 100.764
4 44 4.193 100.196
4 45 4.625 100.325
4 46 1.638 100.062
4 47 3.951 100.148
4 48 1.569 100.228
4 49 2.933 100.013
5 6 1.32 100.106
5 7 1.669 100.877
5 8 1.739 100.998
5 9 3.818 100.481
5 10 2.466 100.147
5 11 1.643 100.863
5 12 4.316 100.256
5 13 3.783 100.289
5 14 3.623 100.791
5 15 3.899 100.644
5 16 3.357 100.429
5 17 1.602 100.87
5 18 4.348 100.312
5 19 2.607 100.638
5 20 4.895 100.427
5 21 1.458 100.638
5 22 4.394 100.443
5 23 4.857 100.235
5 24 3.696 100.032
5 25 1.905 100.109
5 26 2.996 100.474
5 27 2.343 100.222
5 28 4.329 100.793
5 29 4.526 100.852
5 30 2.051 100.678
5 31 4.2 100.285
5 32 2.875 100.106
5 33 1.584 100.63
5 34 3.78 100.132
5 35 1.395 100.358
5 36 1.18 100.436
5 37 3.727 100.13
5 38 4.116 100.814
5 39 4.414 100.628
5 40 3.008 100.457
5 41 1.596 100.513
5 42 3.926 100.544
5 43 2.81 100.788
5 44 2.377 100.819
5 45 3.956 100.626
5 46 3.059 100.933
5 47 4.856 100.445
5 48 3.425 100.209
5 49 4.002 100.853
6 7 1.272 100.389
6 8 2.246 100.84
6 9 4.576 100.924
6 10 2.304 100.458
6 11 1.598 100.989
6 12 3.917 100.344
6 13 1.036 100.998
6 14 3.608 100.325
6 15 3.315 100.728
6 16 1.489 100.606
6 17 2.67 100.36
6 18 3.038 100.644
6 19 3.867 100.285
6 20 3.485 100.98
6 21 3.709 100.081
6 22 4.271 100.683
6 23 1.115 100.199
6 24 1.885 100.111
6 25 3.338 100.295
6 26 4.406 100.582
6 27 2.414 100.174
6 28 3.917 100.463
6 29 4.071 100.83
6 30 4.175 100.998
6 31 3.909 100.333
6 32 1.098 100.514
6 33 4.436 100.56
6 34 2.198 100.258
6 35 2.351 100.657
6 36 3.625 100.926
6 37 4.186 100.13
6 38 1.737 100.444
6 39 2.315 100.482
6 40 1.389 100.892
6 41 1.862 100.794
6 42 3.981 100.278
6 43 2.973 100.332
6 44 1.769 100.418
6 45 1.871 100.855
6 46 1.684 100.202
6 47 3.114 100.568
6 48 3.985 100.266
6 49 4.633 100.935
7 8 4.295 100.251
7 9 1.449 100.622
7 10 3.093 100.143
7 11 3.473 100.676
7 12 2.652 100.466
7 13 1.764 100.679
7 14 1.374 100.629
7 15 4.279 100.49
7 16 1.505 100.747
7 17 4.666 100.5
7 18 2.871 100.769
7 19 4.815 100.427
7 20 1.533 100.082
7 21 2.156 100.296
7 22 2.125 100.648
7 23 1.708 100.534
7 24 3.776 100.22
7 25 2.164 100.014
7 26 2.958 100.588
7 27 4.414 100.629
7 28 2.43 100.756
7 29 2.15 100.065
7 30 2.612 100.927
7 31 1.896 100.075
7 32 4.603 100.022
7 33 1.62 100.105
7 34 3.73 100.373
7 35 1.03 100.889
7 36 3.312 100.475
7 37 3.67 100.482
7 38 1.188 100.48
7 39 2.717 100.729
7 40 1.075 100.48
7 41 3.58 100.166
7 42 4.434 100.887
7 43 3.31 100.262
7 44 1.874 100.587
7 45 3.381 100.163
7 46 1.374 100.807
7 47 2.457 100.629
7 48 3.381 100.84
7 49 4.862 100.148
8 9 4.401 100.996
8 10 1.162 100.346
8 11 1.445 100.378
8 12 1.978 100.48
8 13 1.828 100.769
8 14 4.559 100.213
8 15 4.192 100.258
8 16 3.572 100.558
8 17 3.469 100.081
8 18 4.442 100.62
8 19 2.0 100.313
8 20 1.987 100.8
8 21 4.063 100.826
8 22 2.006 100.003
8 23 1.304 100.411
8 24 2.592 100.66
8 25 4.829 100.597
8 26 3.115 100.122
8 27 1.361 100.112
8 28 4.429 100.512
8 29 1.157 100.674
8 30 3.424 100.819
8 31 4.569 100.983
8 32 2.08 100.889
8 33 4.82 100.535
8 34 1.938 100.724
8 35 1.263 100.265
8 36 2.376 100.68
8 37 1.644 100.882
8 38 1.44 100.53
8 39 2.729 100.686
8 40 1.568 100.403
8 41 3.726 100.375
8 42 2.577 100.902
8 43 1.84 100.392
8 44 2.043 100.206
8 45 3.816 100.174
8 46 3.611 100.62
8 47 3.054 100.374
8 48 3.277 100.325
8 49 1.477 100.794
9 10 2.285 100.195
9 11 1.746 100.529
9 12 3.925 100.943
9 13 2.645 100.777
9 14 4.424 100.954
9 15 3.433 100.533
9 16 4.972 100.588
9 17 2.524 100.054
9 18 2.584 100.695
9 19 3.199 100.188
9 20 2.984 100.041
9 21 4.234 100.454
9 22 3.969 100.308
9 23 2.478 100.835
9 24 4.571 100.257
9 25 1.748 100.347
9 26 4.171 100.734
9 27 3.77 100.369
9 28 4.207 100.306
9 29 2.02 100.198
9 30 4.738 100.425
9 31 2.876 100.54
9 32 3.327 100.403
9 33 1.176 100.854
9 34 3.244 100.758
9 35 1.643 100.875
9 36 4.02 100.738
9 37 3.958 100.507
9 38 2.087 100.244
9 39 3.484 100.66
9 40 2.182 100.587
9 41 2.068 100.317
9 42 3.992 100.23
9 43 2.929 100.466
9 44 3.92 100.599
9 45 3.055 100.41
9 46 1.454 100.685
9 47 1.49 100.129
9 48 2.719 100.796
9 49 3.717 100.284
10 11 3.08 100.354
10 12 3.161 100.472
10 13 2.503 100.047
10 14 1.159 100.332
10 15 4.027 100.446
10 16 3.803 100.001
10 17 1.853 100.722
10 18 3.639 100.285
10 19 1.82 100.906
10 20 4.288 100.243
10 21 4.471 100.874
10 22 4.499 100.301
10 23 3.57 100.962
10 24 3.168 100.836
10 25 3.158 100.406
10 26 4.752 100.303
10 27 2.414 100.121
10 28 2.469 100.908
10 29 4.18 100.45
10 30 1.994 100.702
10 31 3.676 100.729
10 32 3.411 100.722
10 33 1.58 100.345
10 34 3.853 100.0
10 35 3.522 100.089
10 36 3.026 100.413
10 37 1.521 100.21
10 38 2.387 100.024
10 39 1.65 100.045
10 40 2.958 100.004
10 41 4.37 100.597
10 42 3.759 100.476
10 43 2.245 100.746
10 44 2.359 100.015
10 45 3.765 100.34
10 46 3.939 100.779
10 47 4.021 100.368
10 48 2.25 100.706
10 49 3.38 100.805
11 12 4.181 100.196
11 13 3.726 100.309
11 14 4.729 100.003
11 15 1.904 100.705
11 16 3.652 100.517
11 17 1.675 100.815
11 18 4.472 100.683
11 19 1.726 100.548
11 20 3.52 100.77
11 21 4.428 100.589
11 22 3.173 100.179
11 23 3.8 100.796
11 24 2.105 100.092
11 25 2.604 100.26
11 26 2.874 100.414
11 27 4.949 100.365
11 28 3.121 100.594
11 29 1.279 100.312
11 30 4.791 100.862
11 31 4.368 100.655
11 32 4.138 100.349
11 33 4.724 100.264
11 34 4.319 100.021
11 35 2.544 100.581
11 36 1.451 100.885
11 37 4.633 100.758
11 38 2.229 100.457
11 39 4.952 100.338
11 40 4.751 100.542
11 41 1.255 100.928
11 42 4.893 100.233
11 43 1.486 100.781
11 44 1.158 100.055
11 45 4.978 100.096
11 46 3.19 100.917
11 47 4.098 100.909
11 48 4.789 100.057
11 49 4.736 100.037
12 13 4.221 100.886
12 14 4.081 100.736
12 15 2.342 100.949
12 16 2.07 100.294
12 17 3.5 100.238
12 18 2.781 100.14
12 19 1.542 100.391
12 20 4.931 100.852
12 21 3.445 100.547
12 22 1.874 100.674
12 23 3.095 100.695
12 24 1.842 100.559
12 25 1.318 100.97
12 26 2.632 100.289
12 27 4.751 100.199
12 28 1.32 100.866
12 29 4.85 100.442
12 30 2.382 100.955
12 31 2.947 100.797
12 32 4.268 100.495
12 33 2.722 100.108
12 34 4.821 100.742
12 35 1.616 100.701
12 36 1.554 100.135
12 37 2.466 100.793
12 38 2.939 100.104
12 39 1.388 100.837
12 40 4.508 100.124
12 41 1.271 100.977
12 42 3.821 100.769
12 43 1.394 100.207
12 44 3.196 100.757
12 45 1.497 100.964
12 46 2.662 100.364
12 47 2.323 100.173
12 48 2.047 100.155
12 49 2.988 100.384
13 14 4.303 100.097
13 15 2.679 100.254
13 16 2.145 100.976
13 17 3.448 100.588
13 18 1.721 100.372
13 19 1.659 100.121
13 20 4.989 100.427
13 21 3.436 100.998
13 22 2.885 100.302
13 23 1.136 100.067
13 24 1.137 100.408
13 25 2.293 100.854
13 26 1.319 100.432
13 27 4.992 100.62
13 28 1.903 100.744
13 29 1.859 100.493
13 30 3.147 100.789
13 31 4.307 100.732
13 32 4.094 100.635
13 33 2.564 100.204
13 34 3.363 100.993
13 35 4.257 100.585
13 36 3.661 100.021
13 37 1.43 100.476
13 38 2.397 100.892
13 39 1.214 100.383
13 40 1.957 100.838
13 41 4.898 100.731
13 42 2.751 100.186
13 43 3.065 100.675
13 44 4.773 100.178
13 45 4.237 100.802
13 46 3.025 100.69
13 47 3.623 100.455
13 48 3.556 100.791
13 49 2.445 100.958
14 15 4.101 100.362
14 16 3.964 100.085
14 17 4.023 100.278
14 18 2.447 100.33
14 19 1.056 100.533
14 20 1.643 100.051
14 21 2.988 100.82
14 22 1.514 100.12
14 23 3.028 100.009
14 24 1.885 100.087
14 25 4.757 100.036
14 26 3.977 100.974
14 27 2.232 100.574
14 28 2.714 100.759
14 29 4.117 100.04
14 30 1.778 100.735
14 31 3.121 100.594
14 32 3.817 100.068
14 33 3.633 100.384
14 34 4.209 100.282
14 35 4.47 100.705
14 36 3.915 100.138
14 37 2.271 100.957
14 38 2.477 100.506
14 39 1.082 100.126
14 40 2.115 100.25
14 41 3.925 100.962
14 42 1.721 100.674
14 43 1.096 100.469
14 44 2.21 100.251
14 45 3.858 100.262
14 46 2.028 100.576
14 47 2.93 100.259
14 48 2.3 100.269
14 49 4.18 100.433
15 16 1.375 100.39
15 17 2.916 100.606
15 18 3.782 100.477
15 19 1.538 100.538
15 20 1.822 100.943
15 21 3.25 100.751
15 22 4.771 100.092
15 23 3.595 100.505
15 24 4.818 100.361
15 25 3.056 100.765
15 26 4.998 100.727
15 27 3.653 100.294
15 28 2.421 100.03
15 29 1.323 100.032
15 30 3.319 100.42
15 31 2.604 100.79
15 32 3.703 100.931
15 33 4.511 100.422
15 34 2.479 100.246
15 35 4.934 100.051
15 36 4.625 100.77
15 37 4.496 100.803
15 38 3.578 100.624
15 39 1.988 100.744
15 40 2.878 100.311
15 41 4.262 100.529
15 42 1.546 100.459
15 43 4.047 100.48
15 44 3.863 100.466
15 45 3.968 100.002
15 46 3.708 100.806
15 47 3.055 100.229
15 48 2.179 100.685
15 49 2.335 100.39
16 17 4.058 100.404
16 18 3.377 100.763
16 19 4.77 100.981
16 20 3.53 100.481
16 21 2.148 100.831
16 22 3.523 100.051
16 23 3.503 100.893
16 24 3.43 100.008
16 25 3.883 100.683
16 26 1.573 100.021
16 27 1.379 100.183
16 28 2.162 100.305
16 29 3.102 100.279
16 30 4.855 100.604
16 31 2.767 100.2
16 32 2.578 100.951
16 33 1.333 100.504
16 34 4.881 100.238
16 35 3.979 100.616
16 36 2.446 100.966
16 37 2.178 100.993
16 38 2.247 100.861
16 39 4.95 100.664
16 40 2.575 100.781
16 41 3.045 100.214
16 42 1.681 100.553
16 43 4.723 100.143
16 44 4.9 100.202
16 45 4.912 100.18
16 46 1.59 100.157
16 47 3.677 100.706
16 48 2.689 100.996
16 49 3.404 100.199
17 18 2.765 100.42
17 19 3.002 100.379
17 20 3.739 100.077
17 21 4.354 100.335
17 22 1.498 100.169
17 23 3.024 100.954
17 24 2.987 100.434
17 25 3.245 100.323
17 26 4.128 100.663
17 27 2.096 100.081
17 28 4.25 100.905
17 29 2.107 100.273
17 30 3.52 100.539
17 31 1.706 100.328
17 32 3.615 100.236
17 33 4.753 100.756
17 34 1.823 100.439
17 35 3.581 100.186
17 36 2.249 100.932
17 37 3.489 100.07
17 38 4.317 100.107
17 39 4.091 100.018
17 40 4.506 100.267
17 41 2.314 100.927
17 42 1.175 100.179
17 43 4.207 100.483
17 44 3.458 100.645
17 45 3.11 100.47
17 46 3.431 100.512
17 47 1.894 100.232
17 48 1.842 100.257
17 49 3.296 100.408
18 19 3.838 100.384
18 20 4.159 100.954
18 21 1.794 100.001
18 22 4.38 100.175
18 23 4.374 100.394
18 24 1.354 100.967
18 25 1.127 100.335
18 26 2.572 100.031
18 27 3.431 100.945
18 28 2.178 100.762
18 29 3.036 100.814
18 30 2.771 100.964
18 31 1.224 100.082
18 32 4.692 100.723
18 33 1.421 100.185
18 34 4.927 100.219
18 35 2.383 100.552
18 36 4.158 100.165
18 37 3.444 100.456
18 38 4.693 100.718
18 39 1.061 100.176
18 40 1.132 100.256
18 41 2.582 100.189
18 42 3.026 100.283
18 43 2.572 100.349
18 44 1.425 100.942
18 45 3.594 100.764
18 46 4.745 100.737
18 47 1.657 100.394
18 48 4.342 100.544
18 49 3.989 100.218
19 20 4.908 100.363
19 21 4.36 100.194
19 22 1.748 100.26
19 23 3.319 100.89
19 24 4.769 100.253
19 25 3.725 100.517
19 26 4.902 100.524
19 27 1.328 100.216
19 28 1.834 100.539
19 29 4.079 100.822
19 30 3.449 100.17
19 31 2.812 100.046
19 32 4.852 100.913
19 33 3.994 100.383
19 34 4.342 100.957
19 35 1.12 100.01
19 36 1.588 100.56
19 37 1.995 100.449
19 38 1.34 100.564
19 39 3.276 100.54
19 40 2.285 100.188
19 41 1.109 100.481
19 42 2.817 100.844
19 43 4.751 100.233
19 44 2.572 100.482
19 45 4.974 100.786
19 46 2.357 100.728
19 47 1.018 100.209
19 48 4.881 100.766
19 49 1.867 100.557
20 21 1.417 100.288
20 22 4.212 100.072
20 23 3.644 100.014
20 24 2.389 100.75
20 25 3.224 100.374
20 26 4.768 100.226
20 27 1.764 100.355
20 28 1.056 100.545
20 29 3.008 100.996
20 30 1.453 100.353
20 31 4.529 100.365
20 32 3.171 100.79
20 33 3.943 100.862
20 34 3.892 100.701
20 35 3.497 100.15
20 36 1.753 100.479
20 37 2.385 100.127
20 38 3.445 100.094
20 39 4.505 100.874
20 40 2.119 100.101
20 41 1.91 100.279
20 42 1.438 100.708
20 43 1.565 100.492
20 44 2.122 100.324
20 45 2.205 100.002
20 46 2.419 100.693
20 47 1.127 100.137
20 48 1.323 100.515
20 49 4.009 100.66
21 22 2.989 100.243
21 23 1.915 100.168
21 24 4.637 100.781
21 25 4.879 100.541
21 26 4.247 100.383
21 27 4.616 100.777
21 28 4.962 100.581
21 29 2.194 100.707
21 30 1.981 100.808
21 31 1.453 100.327
21 32 2.222 100.461
21 33 4.331 100.347
21 34 2.535 100.447
21 35 4.413 100.752
21 36 1.031 100.689
21 37 3.643 100.836
21 38 2.818 100.856
21 39 3.525 100.556
21 40 4.269 100.767
21 41 1.619 100.479
21 42 4.233 100.03
21 43 2.971 100.074
21 44 3.685 100.004
21 45 3.24 100.123
21 46 1.33 100.443
21 47 4.58 100.094
21 48 1.268 100.904
21 49 3.051 100.219
22 23 1.345 100.908
22 24 2.058 100.876
22 25 2.932 100.172
22 26 4.588 100.516
22 27 1.441 100.077
22 28 2.747 100.76
22 29 1.328 100.248
22 30 3.598 100.763
22 31 1.839 100.094
22 32 4.514 100.159
22 33 2.318 100.146
22 34 3.34 100.922
22 35 2.724 100.096
22 36 2.558 100.719
22 37 2.447 100.687
22 38 3.191 100.788
22 39 3.646 100.317
22 40 4.269 100.077
22 41 1.221 100.085
22 42 4.357 100.757
22 43 1.838 100.738
22 44 2.398 100.606
22 45 3.215 100.222
22 46 3.974 100.018
22 47 2.991 100.376
22 48 4.552 100.786
22 49 2.498 100.873
23 24 1.704 100.008
23 25 1.703 100.776
23 26 2.385 100.21
23 27 4.029 100.583
23 28 3.567 100.5
23 29 3.945 100.741
23 30 1.912 100.918
23 31 3.775 100.905
23 32 1.049 100.98
23 33 4.523 100.877
23 34 3.432 100.46
23 35 2.956 100.711
23 36 2.147 100.885
23 37 4.166 100.421
23 38 1.616 100.185
23 39 4.581 100.352
23 40 4.665 100.721
23 41 4.786 100.521
23 42 2.872 100.192
23 43 2.887 100.152
23 44 3.39 100.139
23 45 3.932 100.013
23 46 4.729 100.006
23 47 4.379 100.554
23 48 3.696 100.803
23 49 3.819 100.789
24 25 4.148 100.7
24 26 1.57 100.478
24 27 1.201 100.214
24 28 1.634 100.642
24 29 3.467 100.021
24 30 2.219 100.092
24 31 3.84 100.198
24 32 2.435 100.988
24 33 1.211 100.433
24 34 2.372 100.626
24 35 4.968 100.143
24 36 4.89 100.334
24 37 2.022 100.907
24 38 2.992 100.33
24 39 3.791 100.875
24 40 3.375 100.301
24 41 3.229 100.795
24 42 1.096 100.72
24 43 4.672 100.507
24 44 4.207 100.239
24 45 4.685 100.731
24 46 3.957 100.003
24 47 1.928 100.281
24 48 4.928 100.726
24 49 3.514 100.927
25 26 2.761 100.021
25 27 3.415 100.564
25 28 3.586 100.496
25 29 4.131 100.982
25 30 1.157 100.343
25 31 4.371 100.09
25 32 3.194 100.174
25 33 4.661 100.863
25 34 4.589 100.644
25 35 3.592 100.353
25 36 2.039 100.846
25 37 3.911 100.945
25 38 3.571 100.742
25 39 4.094 100.675
25 40 4.803 100.347
25 41 3.302 100.843
25 42 3.568 100.713
25 43 3.282 100.061
25 44 2.706 100.345
25 45 1.445 100.258
25 46 3.613 100.969
25 47 1.156 100.339
25 48 3.217 100.946
25 49 4.406 100.849
26 27 3.364 100.52
26 28 3.771 100.3
26 29 3.44 100.271
26 30 2.726 100.019
26 31 2.285 100.265
26 32 4.826 100.813
26 33 4.129 100.104
26 34 3.164 100.61
26 35 3.664 100.745
26 36 2.698 100.938
26 37 1.828 100.641
26 38 3.11 100.351
26 39 2.855 100.441
26 40 1.509 100.151
26 41 2.063 100.04
26 42 3.801 100.911
26 43 4.448 100.648
26 44 2.173 100.222
26 45 1.701 100.106
26 46 3.284 100.543
26 47 2.694 100.996
26 48 3.07 100.961
26 49 3.38 100.937
27 28 2.707 100.583
27 29 2.661 100.076
27 30 4.621 100.792
27 31 1.147 100.62
27 32 1.844 100.872
27 33 2.394 100.839
27 34 1.74 100.665
27 35 4.507 100.655
27 36 4.863 100.85
27 37 2.922 100.319
27 38 4.031 100.082
27 39 3.538 100.796
27 40 3.685 100.043
27 41 2.619 100.689
27 42 2.441 100.546
27 43 2.404 100.345
27 44 4.07 100.344
27 45 1.404 100.384
27 46 4.029 100.743
27 47 2.059 100.652
27 48 4.096 100.536
27 49 1.487 100.887
28 29 4.906 100.668
28 30 2.591 100.33
28 31 1.63 100.036
28 32 1.11 100.377
28 33 4.239 100.424
28 34 3.297 100.667
28 35 4.636 100.779
28 36 2.397 100.826
28 37 3.087 100.594
28 38 1.908 100.652
28 39 1.377 100.322
28 40 3.483 100.771
28 41 1.208 100.823
28 42 4.12 100.96
28 43 1.699 100.248
28 44 4.862 100.958
28 45 4.765 100.115
28 46 2.897 100.816
28 47 3.82 100.747
28 48 1.052 100.276
28 49 3.243 100.295
29 30 1.307 100.17
29 31 3.398 100.322
29 32 3.79 100.223
29 33 4.584 100.077
29 34 4.376 100.189
29 35 3.425 100.041
29 36 1.067 100.242
29 37 4.341 100.054
29 38 4.126 100.327
29 39 1.041 100.812
29 40 4.85 100.421
29 41 4.186 100.249
29 42 4.156 100.93
29 43 3.021 100.675
29 44 2.948 100.936
29 45 3.659 100.17
29 46 3.443 100.136
29 47 4.856 100.167
29 48 3.859 100.784
29 49 4.064 100.726
30 31 4.554 100.807
30 32 1.345 100.869
30 33 4.584 100.583
30 34 3.603 100.219
30 35 2.707 100.132
30 36 4.579 100.143
30 37 1.931 100.046
30 38 1.488 100.509
30 39 4.089 100.974
30 40 3.781 100.96
30 41 4.344 100.317
30 42 4.363 100.156
30 43 2.737 100.536
30 44 1.517 100.724
30 45 2.758 100.045
30 46 1.51 100.535
30 47 4.021 100.72
30 48 4.714 100.408
30 49 4.83 100.185
31 32 3.502 100.688
31 33 1.758 100.549
31 34 4.993 100.331
31 35 1.714 100.468
31 36 2.186 100.05
31 37 2.826 100.778
31 38 2.066 100.874
31 39 2.194 100.035
31 40 1.101 100.125
31 41 1.017 100.469
31 42 2.897 100.925
31 43 2.352 100.76
31 44 1.971 100.449
31 45 3.3 100.376
31 46 3.485 100.79
31 47 2.698 100.021
31 48 1.409 100.155
31 49 3.701 100.209
32 33 2.092 100.89
32 34 2.761 100.524
32 35 4.539 100.728
32 36 2.479 100.955
32 37 1.064 100.13
32 38 2.332 100.943
32 39 2.347 100.873
32 40 3.46 100.4
32 41 2.525 100.767
32 42 4.037 100.605
32 43 1.576 100.957
32 44 2.879 100.233
32 45 4.653 100.031
32 46 4.795 100.298
32 47 3.198 100.319
32 48 1.971 100.938
32 49 1.316 100.69
33 34 2.469 100.17
33 35 2.518 100.738
33 36 4.128 100.55
33 37 2.54 100.436
33 38 4.458 100.509
33 39 3.186 100.766
33 40 3.927 100.629
33 41 3.842 100.932
33 42 1.166 100.119
33 43 1.486 100.359
33 44 1.478 100.565
33 45 2.92 100.497
33 46 1.543 100.813
33 47 2.546 100.355
33 48 2.18 100.046
33 49 2.323 100.463
34 35 4.183 100.235
34 36 1.761 100.998
34 37 3.961 100.716
34 38 3.507 100.428
34 39 4.864 100.759
34 40 2.646 100.321
34 41 3.048 100.603
34 42 2.478 100.708
34 43 3.808 100.764
34 44 3.56 100.54
34 45 2.462 100.067
34 46 2.745 100.101
34 47 4.277 100.583
34 48 2.14 100.948
34 49 4.726 100.831
35 36 4.534 100.524
35 37 1.257 100.895
35 38 2.973 100.962
35 39 2.691 100.889
35 40 4.595 100.809
35 41 4.243 100.027
35 42 3.75 100.345
35 43 4.637 100.514
35 44 1.856 100.997
35 45 3.743 100.008
35 46 3.224 100.671
35 47 3.772 100.482
35 48 3.231 100.53
35 49 1.664 100.263
36 37 4.507 100.604
36 38 4.659 100.116
36 39 1.243 100.553
36 40 4.441 100.429
36 41 2.612 100.492
36 42 4.756 100.327
36 43 2.02 100.655
36 44 2.935 100.196
36 45 2.477 100.147
36 46 3.495 100.072
36 47 4.436 100.779
36 48 1.181 100.039
36 49 4.207 100.351
37 38 1.071 100.134
37 39 4.276 100.36
37 40 3.949 100.047
37 41 2.653 100.033
37 42 2.372 100.766
37 43 2.75 100.524
37 44 1.188 100.952
37 45 4.391 100.106
37 46 4.742 100.045
37 47 4.918 100.808
37 48 4.15 100.985
37 49 2.557 100.291
38 39 3.704 100.1
38 40 3.71 100.912
38 41 1.209 100.925
38 42 4.888 100.818
38 43 4.885 100.271
38 44 2.442 100.372
38 45 4.349 100.143
38 46 1.474 100.22
38 47 1.209 100.795
38 48 1.125 100.089
38 49 3.08 100.753
39 40 1.274 100.202
39 41 2.911 100.151
39 42 4.623 100.39
39 43 2.812 100.514
39 44 2.345 100.482
39 45 3.756 100.172
39 46 2.319 100.346
39 47 1.887 100.949
39 48 2.819 100.908
39 49 4.182 100.359
40 41 1.87 100.682
40 42 3.867 100.634
40 43 1.004 100.168
40 44 4.303 100.299
40 45 3.254 100.493
40 46 4.484 100.06
40 47 3.163 100.927
40 48 1.581 100.206
40 49 2.036 100.269
41 42 3.109 100.175
41 43 3.584 100.366
41 44 3.152 100.522
41 45 4.839 100.871
41 46 1.205 100.554
41 47 2.82 100.597
41 48 1.131 100.958
41 49 3.145 100.307
42 43 1.956 100.089
42 44 3.853 100.567
42 45 4.31 100.914
42 46 1.08 100.254
42 47 3.716 100.026
42 48 1.83 100.819
42 49 2.955 100.283
43 44 2.09 100.835
43 45 2.261 100.674
43 46 2.619 100.912
43 47 3.394 100.943
43 48 2.48 100.131
43 49 4.742 100.764
44 45 2.552 100.385
44 46 2.144 100.584
44 47 2.474 100.111
44 48 3.73 100.093
44 49 1.761 100.821
45 46 1.624 100.787
45 47 4.216 100.395
45 48 3.713 100.278
45 49 1.674 100.284
46 47 2.381 100.962
46 48 4.293 100.331
46 49 3.282 100.795
47 48 4.888 100.37
47 49 4.458 100.467
48 49 3.18 100.334